card_id,user_id,sports_id,experience_level,preferred_days
4568c852-e758-4402-bbd3-ecebf8ed75e4,15651818-593c-47c5-8644-f6074e8c11b0,2,10,Wednesday
d2bfb4a5-1887-489c-ab2c-1bf0a6397eab,8923b9ee-0dab-46eb-b588-27fb8e44e210,3,3,Sunday
df5e0ed9-8578-4fa2-b8e4-e796a88bb4cc,7a7c77d4-aa14-4cb3-8663-87353b3529d7,7,5,Friday
02de6996-ac29-4f89-ae95-ea7285753e2c,bdab3120-5f22-4efb-a112-bc4eb8c33d9a,2,9,Saturday
95ee66f2-2f91-4b45-b2af-66e405c131d6,802fc30c-105d-452c-a1c7-ef2f7c4a9287,2,9,Thursday
1bdbc9a9-c4bd-4399-8b5c-f84b5c4dec65,0b80a9fb-3bf0-43c3-96a9-90957206716f,3,10,Wednesday
6b3a9ae9-d8a4-474e-9445-eb0ff18dc37c,0aa097ab-deb0-4a45-b165-04789e532fbf,7,7,Tuesday
f126e1d6-726b-4145-be23-fd252d8506d1,3eb75cab-bfe5-46d1-84a5-958be03de72c,6,10,Saturday
9fd58f92-7da5-48ed-a55e-c0e198ff8932,3ec62c9f-2d2e-48cd-af78-76ca8f138642,7,7,Sunday
a87853db-9770-4f3f-9232-a1a37ec0605f,ffae2204-1d4f-46e0-91c2-403a422ac169,4,10,Friday
652cf1ce-407a-47de-8d52-28a78168153b,8af8b8cb-7177-4dd8-82f6-7e1f89935e73,1,6,Tuesday
906d5edb-a155-40ce-956f-550391a007a6,8ee63d1b-eff6-4b9c-af1c-60e6ba377947,6,2,Thursday
b2844b1a-aa0a-4246-8187-969e47328c1e,0f542076-d538-4ab2-bbea-a33c01c4f66b,7,1,Wednesday
095fc061-5648-4618-9c08-aa0f37586022,1570b318-cc91-40c1-9d57-51962824ac08,1,9,Tuesday
aa1da151-7939-4c14-ae74-3f59b22ca5d5,e57e102b-e0b8-4426-a5e5-fac18c3cdd51,4,9,Saturday
4a29cef2-b601-426a-b646-bc1069a76ba2,60e723b2-fc39-4283-a3d3-d1efd964fff9,7,9,Friday
4ec51f60-b0c0-46b8-81d0-de7ecada6e79,9b918247-b229-4eae-bf01-4e7fe218e8b0,1,6,Wednesday
6f1b17fd-70e5-47f1-a083-0a5c159d61f8,ff675d08-7b4c-4c57-a88e-5b33e7059925,5,5,Wednesday
ffc29801-7f62-4110-87c1-b9787b88842d,72ddb54f-2bda-48e8-afee-6925de0a63d2,1,4,Wednesday
a30e4e81-3e5c-41d1-8721-be0d7002d140,6a336cb2-b26d-498b-9e9f-333786042314,4,5,Saturday
8b3b93c0-e498-41e5-98ce-bae11392d499,5e2e2bc4-5810-4187-99ec-5cd545bdc905,2,10,Monday
cd15e48d-e96c-4214-a789-ecc6779bc2ee,3f9a6f8e-158b-4d4c-8c21-c7a00be0a03c,4,6,Monday
ee4ba36f-d208-4dfd-9fe0-1940a9898a58,e952df46-2eaa-416f-8f70-91818c5f2ed8,6,5,Saturday
564b8f8a-e264-47d3-931e-04df49509134,12826b62-c5e9-476a-8b0e-d5a131dd8fae,7,6,Monday
e2be43aa-f88e-4e4a-bbbf-9ba95b4767f0,3bef11ec-d476-4e62-9fa3-e49373b1654a,7,8,Sunday
96b7a164-808b-46b8-b598-adb24c800a8e,f713d55b-e200-4992-88f0-518ca34540c5,6,4,Sunday
4b2a2bd4-10b4-4f87-a4f8-715f365738da,200ae1d0-de1e-4c95-ad5f-85bd4d82ebb9,7,2,Saturday
37c8584f-5db3-4b78-9888-61261493f307,a3d49286-24c4-4948-b44b-b23477ea1087,6,3,Tuesday
8d8b1bf2-bd2c-4a4b-9269-b70887a57793,5b62214e-0e78-43e8-9c65-53b5bed8cdda,2,9,Wednesday
90f8ce23-c32e-40fa-b053-0dfb9e0aea8e,1662abb2-a118-4542-b4ff-6dd384b5f3f5,4,9,Tuesday
1f746a5a-b5ca-46e6-9823-f6b0184fae03,4696c544-a86c-476a-9473-c5298371b89b,7,3,Wednesday
185bac57-b971-44bb-b919-0a4927e9874e,432a3fe6-c85a-4d2a-a8e5-4e0245bf632a,1,6,Sunday
d8e09df5-2a52-4f6f-bd44-b7ca14c430c4,8d6e3358-e834-4163-ab62-f6205465ceb3,4,7,Friday
aef24366-3feb-4570-9189-6d9b14d78ea7,2c3ae197-4f15-483a-b453-2a60b86e4d5a,7,3,Monday
d3bf4a85-1857-45be-9b2a-7475fb648f88,9cdcae88-b3dc-48e7-86cf-1a3f73e1df23,5,2,Monday
f82f2b74-f45f-4b45-a05d-038c217a6a19,17d275f8-5e9d-47ee-9b5b-9edc3328220c,6,8,Friday
38e8fac2-d47b-41d1-a83e-231527911864,e26d2886-96fd-4e0b-90ee-aaa959bdd813,1,2,Tuesday
f14fab23-0dd5-4811-b238-f5026f78e0ca,43afd65e-1fe9-4c9d-8b57-e7a2b56e5668,1,6,Tuesday
3280f3bb-743f-4d9b-afca-d8bb5c681d1e,5933c6d5-09f2-4555-9894-4f52927ae361,4,6,Thursday
b59de667-d55a-4b23-8fec-09365ca63ca6,6558e850-b8ce-4b64-9043-da096e11cb3d,6,2,Sunday
44e22ee3-27f4-4a0b-950c-1efe0dcafa28,e01edbda-0b72-4719-84f0-db393b22b8d6,2,3,Friday
f5f4a6e0-424e-4504-8def-2360a2700b76,a7888be7-7ea1-45af-abcc-c1bca54694c2,5,2,Sunday
d2f405e5-9b51-4887-9653-a34bf49632a9,ee5a9945-a355-42d5-90dd-10343641c870,5,7,Friday
4c16eb90-c7c6-4276-aea0-348ab0c3821a,22cb397c-8485-409b-af04-67a871bdc751,5,8,Sunday
5b092550-313e-4671-8c23-daa24004768d,15ae2f2a-6dbb-432d-95c2-e3cef119b3de,7,7,Friday
13db2d9e-7b5a-4e28-aee4-515e5b79bda6,84760994-2002-4773-8ada-3fffbfb710d1,5,6,Monday
1d369600-4033-4991-81e7-bc451150bf85,70e97d6c-46a0-4685-ae9e-14197e7ab64f,1,9,Wednesday
b237916a-7cc2-4600-868c-5352b4a8dc44,9b8e2a1a-fec8-49fe-bbea-a4fa9e8306dd,3,10,Sunday
b17bd04f-20e9-4afd-9d49-2a584de59685,370f3e52-1812-491a-b2dd-05b0368e21f1,3,2,Monday
e1dd0689-8dbe-431b-9154-06746c9b5cc8,77bf1632-08d8-4bb7-b22d-b18d59a7fc76,1,2,Friday
b98573c8-7be1-4c9c-8fb9-b58fd9070c31,9d3c2f2c-6ba1-468e-80c9-6aa720df7364,6,8,Sunday
19110cc2-ae39-4696-87a0-cb1384ddccbd,72756032-578b-42ce-99fa-84146618db7c,2,7,Tuesday
1aa19c4c-dcc5-42f0-bdff-14cee5dff11b,a882ffcb-d0cf-4e42-8ad5-ed0e7365b55d,4,7,Wednesday
9e6777f3-1f55-4e53-b711-a3aa2f2d030c,2c0a914a-9f82-4baa-891b-20769836f21e,2,2,Tuesday
379a94d5-f949-4022-83d1-0b769eb4f68a,d8fe6a4b-de78-4827-bb1f-2a9e54f6278e,3,9,Friday
ce142d55-75f3-45c4-a64f-53fdf13a6a0f,0bc4be1f-eee0-45f0-9b57-8dafacc8b770,7,10,Tuesday
f4f28afd-6c9d-4492-8ee5-d2da35ad8d34,5f87bfae-a91e-4e2b-aa36-0ba51f8b5759,6,4,Thursday
f3bf88cf-7432-4429-bf4d-0273a2f422fd,7e8fab37-de48-409e-817d-15a4e767ab26,2,5,Monday
c6a7e9db-00e7-440c-be1f-54844dc6bf1a,9bbcafc3-384d-4aae-8a2d-6755d8f66a6b,1,7,Saturday
6744a5e1-e43d-4258-b970-a8290301e5e1,b3a77caa-9ad9-4314-a9ef-eeda91d71adf,7,6,Sunday
6194f725-7618-4ec6-8448-05e5208d4080,02c17bba-5219-4734-95df-5c23d54943ed,6,1,Saturday
3a8214be-f0fe-4155-89aa-61f42ba532b5,ea2ebc49-4d5a-4243-abd6-c29ac8982344,3,6,Sunday
cc70b4b4-baec-40fe-b40b-adc9ebaa7643,95c2afdf-6a29-46ae-9b8a-8e88a1348e6e,2,3,Monday
9ae1db9c-9457-4194-8c5c-f18dbd3c4b40,5cf820aa-8f10-4010-b641-e3dba6c5c3e1,4,2,Tuesday
ca93cabe-e479-4043-8a36-fe05c8c603bc,779ec07a-4330-47b6-bcc3-5a489196dd5f,6,5,Friday
97f12835-cfed-44e8-8a92-643c9af1f527,785e8183-f223-48d5-a487-e518bf4668f7,1,5,Wednesday
790776d2-8ce3-4f55-9f66-39bb4b92ce75,d350af05-414c-4067-8589-46a3de775a7c,5,9,Friday
5851208e-c19e-44c7-940b-685953fb4279,2343079c-18ad-4fd8-a1cc-3e48122d7af9,7,9,Thursday
d4c29e96-91bb-4fb5-a439-34ab2115a678,c165a930-e433-4b09-91b1-bd2c8143950a,7,8,Friday
6aa21acc-c0aa-4b6a-8d52-6fa202402b34,c20d4e8f-9c21-4330-ba47-5c1cf3248945,3,6,Saturday
73f64dd4-ec59-4a46-822c-4e1b9191596b,470fc6b9-1236-4eb1-b502-e5d821fb8469,5,6,Sunday
7d608f61-a07f-446e-a2f6-10ebd9bf90de,a1f4155a-7441-4a91-aad6-a9850efeeb3f,2,10,Saturday
c7543735-afb3-4446-bdcf-0e5d08128810,2117d25f-7f34-4553-9d79-e4d6c58effb8,7,10,Tuesday
d64c9e6a-81c1-4e48-bc35-422ec435d5a8,757eb0f5-345f-452e-b561-ce9017a3fd26,1,2,Friday
42b2344f-0588-4ea4-93c0-8a0455ce40aa,c6053423-276d-425f-b15e-f051d728389e,1,8,Monday
fd064da3-510e-49c0-84b3-ed939d0f7f14,0a19dc53-32f7-4efa-b04b-42218d310015,3,9,Monday
b9791507-78ef-437b-a108-ee19eae5acc6,7bb520f7-5295-4b60-8e0f-80e11ccacb0f,7,2,Thursday
094f77fb-8322-4e27-bdea-a74ea723d83f,89dff2c4-6d19-423a-8226-64c7ba6d19f8,4,10,Saturday
5ae77a94-4e28-4b10-94c7-2e575b639384,2d7fe15e-9b24-4038-9e76-633dff3287d1,3,7,Saturday
7ffa36e8-b1c4-467e-a9a7-df9741ff05e4,47f078b3-a40c-4a2d-8b68-604f7ed59fb8,2,7,Saturday
6a95d223-eeeb-4c65-8a08-8ace2c6bc1f6,9721b2ab-fdbf-4bc1-889d-5666181e6d7a,6,5,Wednesday
424a2681-ad8a-4217-b69a-09c042873c36,5c8d597a-3741-43fc-9c36-c86a74af2fc7,1,5,Friday
893ca1cc-b401-48f9-af92-eeb6b6eca8be,8849ec70-4d15-4171-bc09-4122db780740,5,6,Saturday
06f24128-2d8a-46d2-a0af-e3ff75699be7,2377e42b-0ef5-4b3e-a5d3-02ff768a55b7,2,6,Sunday
e37d30f5-497f-45a9-af95-cad7a971c45d,6fa0c932-c4d4-49a7-b5fd-58b63aa0861f,6,1,Friday
3a474094-f132-4619-926b-2d24003ec482,98790efc-cdf1-498e-8506-6716ac5c90d7,1,7,Thursday
976ec2f8-179f-47b6-b5f5-7c778bdfb8ac,23e1e40a-b18b-4cfc-8e51-2fb8e2661a01,5,7,Monday
9c39de50-7746-40bf-898f-93f419960afa,3e87b2f7-303f-4978-9609-b30bdb9c27fb,3,10,Monday
265d47e4-ad4c-4402-a15a-a1303fc55e57,d273b000-f08f-4a5d-b98e-c180d88df111,5,7,Wednesday
d97538d1-ed3a-47e8-b5c8-dd672b6c76a1,a69b9f53-0e28-45f6-b739-c67bbd02876c,5,2,Tuesday
6fef91aa-2946-48b8-a754-36656ae004c7,d7d61bff-84d8-44a6-b332-169782807aa7,7,8,Thursday
9537615b-3ee3-4507-af06-7376bd0066c2,aa532abf-e02e-4fef-8965-29f0f5bc92ff,2,2,Saturday
c012a0e4-31b5-471c-bf1f-816338022f3c,3dbf1257-8bf8-40c9-ad7a-6648a4bfdc62,7,5,Thursday
8aa3df2f-31e0-4939-bb8d-d61c8189aa3a,b9f8196b-fe3d-4f14-a0d6-39cda4d4be00,7,10,Sunday
0ec9ba60-65ff-4974-9c84-f3788ec8127d,c8396b59-4b16-44af-a20b-b397047545bf,1,2,Friday
3dd58970-948f-48ff-a78b-7d5a7569215f,fe543419-5ed9-411f-8fd2-07fa77be7717,1,4,Friday
20a19dae-dbb6-4d2a-bb32-b4a4abe1c588,f5333563-809c-4d11-8acd-f946876aa88c,5,8,Monday
334864d1-5355-4031-b075-38047118b803,8a41a85e-a34d-465f-9982-61b491e3f69f,1,7,Wednesday
1001e5d1-3d62-4d8a-a600-81653121fc1a,1bf8279f-6b3f-4e3a-b75d-99848eed329d,5,3,Friday
6d08f486-a524-4cb1-b7b1-63a4c882a9f0,67d63769-6011-4ad7-a30c-d0cc508e2268,2,1,Wednesday
20bea9c2-9c44-4a36-ac9b-d71e7802b6ef,56abc99c-8f4a-4788-9d60-44c3fea04069,2,3,Saturday
14a86a1b-51fa-432d-be1b-3da55ac1bef9,722b97c0-b97c-4dd9-8a4f-e5e6cdd40c1b,5,9,Saturday
30ed01d3-8f10-455f-b625-a7af3cd2c2d4,bb82dcee-5989-46b2-962e-b8db54dc077a,1,8,Monday
6d33f271-f8fd-448a-8a8a-809a2b1eb8b3,e4ea609f-6438-480a-8467-d31d7d461e30,5,4,Wednesday
7a9da323-3269-414c-be17-820fcb769659,c79b7217-21eb-47d0-ae24-027cdea1710c,7,9,Monday
511f2fe0-0889-4f10-9b09-6abe2d09d81f,22cb2418-e587-43b8-8072-460dcc183988,2,9,Sunday
e533b8e1-9587-4147-aa41-2d94ffaf05a9,ce746c9d-fe21-4406-9755-d880bf264a26,6,8,Tuesday
05aeb03f-f2af-4942-922c-ea6ee41d7d13,df0c37e6-4eb5-47c2-bb8e-40b3b93f0516,2,7,Monday
4948ef0d-99c2-4f8a-9a13-fbe7f14448ba,87e418af-525e-41df-9ccf-4f114cad8001,4,1,Wednesday
e43a91d5-0d35-49f9-a59d-6a511931e7cb,1a4b83ad-aaf3-410d-bed1-8f1a574ef0f9,5,6,Tuesday
70da05f6-3bb4-407d-b95d-076475a4b113,20c5978b-2e13-43a1-a7b5-f300c88b28a8,2,8,Saturday
cf3d1996-30f9-4d4f-b239-65b2b90b6c48,6531dfd4-a015-4570-8775-b2e9a859eb8b,5,8,Saturday
ed96f054-5003-4acd-97e3-528db9af44af,9121ff2f-b0a7-439a-81d2-378ae179b4b2,3,8,Friday
275470e9-99b0-48c3-a1c2-76addc67ed77,8c86aeb1-418d-4e4f-a238-cec7574df3f3,6,10,Monday
c7e1e14c-76dd-4c28-b1fd-2e866d7a2c40,e95abd48-0ef4-4016-a1d0-d12809c911cd,6,9,Tuesday
550a207f-aa67-47cd-9013-a4bc3958cf43,d8e2a484-83cd-420e-b946-09f33f166bf5,5,9,Saturday
69d53fe4-3eab-48f7-bc25-af0af0cbf3cd,c5462573-ea3a-428b-ba55-9e33a7c63d51,4,9,Saturday
af4a3655-fbdb-4862-8647-c63c22035502,eea68692-84a2-45f7-b2b6-2592777ec757,2,2,Thursday
1d219fcc-65b0-4ae7-b512-4260c8ff125e,5d2a6231-da87-43df-939d-3706e2220826,1,3,Thursday
a9f54353-8c65-4329-b934-4fd2ea8fdf4d,ec56e99a-b87f-4f17-bfe0-a3d4036c40ea,7,10,Wednesday
3964a0e2-05ee-43d9-ac0a-38c6401e0d03,4fbdb740-22e1-4d0e-8f1a-955fdc1bd5b4,6,1,Wednesday
98183b04-45fa-4ec8-a9c2-82e6c71a605e,ed132d53-fca7-4249-bbc4-fbdadb4c26b2,3,5,Saturday
3ac9646a-5c3d-423d-a8c9-d5e90140ff1a,9ccecea1-5a46-4a4c-b2ba-45a76535c04d,1,5,Friday
04a4a123-e1c7-4cfd-9923-bd035ec7c229,83506aab-856b-4010-8bc1-b8c835a3ec69,4,6,Saturday
467693b3-32a4-4384-91a1-7696abd59cfd,35801df9-333f-48d1-860f-f7eb35349d7d,3,4,Sunday
c7fe3c97-e37d-4268-ab20-2625c4eda819,4c893ee2-08c8-41b3-b1a2-ad38c4a8391e,1,2,Sunday
00e94640-0ab7-4546-8886-f57acf9d23c6,6d04a29e-4e67-4e48-b74e-64f90289c9af,7,3,Monday
ed5c1124-49d1-4be9-ae9b-d4a65c955d92,04205837-c713-489d-81ff-b9e16f91b28e,3,10,Thursday
be9410a8-368a-493b-b7f6-8d5054502a73,de27c8a0-2016-4647-a94f-9eb75a2412d8,5,2,Saturday
e5d56f58-be29-4c1e-9f06-54aa705ea1a4,2b2363e1-ae51-4dc7-881a-9094d939213c,2,6,Monday
bb555d0a-8841-42fe-88dc-ea145392e7ed,8d219f15-0812-4e9c-b5b4-ebada1002b31,6,3,Wednesday
6a397f58-68bc-42e1-8803-2df35ba31d12,fd0c39be-7ef4-48dc-82c1-ba4c075727c9,5,8,Saturday
f442a751-612c-465c-9ddc-c196a6d17d2e,b434a205-566d-4115-943e-1f31b01283af,7,6,Saturday
0d256319-05d5-45d0-9e33-d91ba33b4bde,eeb04a59-5ff9-4486-9db3-93e9108e87a8,5,3,Wednesday
d245f23a-df2a-40cb-9138-500c2be3877d,4ca550af-61fd-47ac-a8d0-958385eeaeee,6,5,Wednesday
d8f2d5ff-c0a0-4993-9b11-539b2b617651,bddfc0d8-780e-41d2-82e6-a378b0a66e78,5,6,Saturday
db4d9ca9-8fbd-4950-85ce-36ed2854b2a7,4df066ef-97a7-4f9d-a78e-d588029bb624,6,10,Tuesday
2a3862fc-b819-4e8e-9009-4e8811dd34b3,dbcaf144-a08b-487a-be0d-55f313557716,6,6,Tuesday
f447efe9-063c-4abd-801a-17ac1047e9d0,b9619949-200f-4014-8920-dcfc479d07a1,6,6,Wednesday
88281248-2930-4998-84ab-46636189f69f,e36812f1-3d8a-4c6c-9d03-9c6775c67be7,2,9,Saturday
1c008645-5781-4c0f-bc73-b5a5031b7944,1e94f89e-4a59-47f0-9217-c46c0bb3411e,1,7,Thursday
21c9fcb6-caf0-4034-82c3-f1da968899f0,a7401f3d-8c23-4e4e-ad4e-d849abd320a3,2,1,Friday
b34b10d0-0a64-4747-a3f6-377c9bfe77c5,d20aa66f-8b44-4b9b-bfbe-9145b69e5a07,4,9,Sunday
75efb282-e01d-4f8d-ba36-1c2ed3a9f58f,d6f58447-1797-49c0-9bb2-cac223788a27,4,7,Sunday
80bf14de-9197-4384-a6b6-f07aa066732a,e8ebffed-5b41-4b95-a024-91211d6ca57e,5,4,Tuesday
c1cf777f-81fe-4e8c-825c-a6beb1585af9,55e24717-4b69-4c76-8d18-cf80ed5109cc,7,5,Friday
70ae762a-f5b6-49e8-9505-c4620bf7b2e6,ffed9ad4-9483-434c-8b58-4b4c44ba550c,5,10,Monday
a65bf807-da70-41f6-9a4f-d2f61339f223,b5f12ffe-42ba-4651-8361-fd7196f75d0f,1,8,Wednesday
7761a7bb-879c-45b1-b408-ef145557c632,91923d0d-86d3-4d0d-a894-ba35461208bd,2,8,Saturday
a603c562-47c5-428e-98c0-e970b6b4e8eb,a87e6425-71a2-46b8-a7f0-faf84c03a001,1,6,Saturday
de6ef4c3-ad66-4118-b066-d8691870751d,f2653845-712c-42c2-9d15-c884296b0f04,2,2,Wednesday
f4b237e1-6869-45ef-9356-db12c64db27b,d572c7fb-4179-4d28-862b-22005d84a08f,5,1,Monday
fd70ebad-0fbc-4681-ac2b-6298d9755654,c78c3d0d-6b77-4687-ab14-eb221b51e2a9,2,7,Friday
99bef4f1-52ce-4e31-8ebc-dd4a31bb2f9d,54dc5856-a785-4124-9d6a-a6257c81b92d,7,10,Monday
5c85d1ef-9de6-4371-8f9e-b26f4c3a30fe,940da40b-461c-450c-9a3a-23cae52ddc1c,5,5,Tuesday
498b799d-54be-48c4-bbc9-7c7a609c1100,7aa4dda2-0242-40aa-a373-618cc0f88239,6,2,Friday
2780b694-2f8e-48a3-8128-631125bd83e8,47bfdea1-d2c5-489b-b6c2-5092164ec64a,5,8,Thursday
d0576aab-4f09-42aa-af2f-d9bb85c6745d,34e265df-3be3-4620-97fd-ca70773c910b,3,2,Monday
3ee9e4eb-82cc-4285-a7ce-71971d323878,72746518-7e8d-43de-a58b-535d70aaeae2,4,7,Tuesday
a5872ac6-e797-4d94-8764-15c38e320c81,c4f9062f-ad6a-4b16-82be-51f7e2c5bdbd,5,9,Thursday
052705f6-2be3-4708-b33d-366ac41e27d8,227a70fe-a7f6-4175-b3e5-cbb19f255b91,7,10,Saturday
2ea042ba-e508-43e0-bfdd-23b3bc212785,06b39670-6000-46fc-870d-60936a68c45d,3,10,Tuesday
5953c6ce-1aec-4186-b51d-3c4f96548b66,1cfbcb9b-24e4-4bda-a42e-f06dc61c7475,3,10,Saturday
e9461dca-c6e8-4e51-8a75-3d9478c9e920,d5e2ac68-634b-4078-b42c-ceae603382ed,1,3,Friday
7a5f0c4b-a2a8-4144-85f3-0b1e48d310c3,f9aa0eb3-2c53-4ff9-875c-cadd8d5a5503,5,9,Tuesday
af9da890-a847-4aec-8900-a60b20642364,12ac37e6-2202-4cd0-a2a1-d278ca2641c0,7,3,Tuesday
329a15f2-a220-4018-9588-f436ecd2193b,75a8d285-0051-49ab-8bdb-679b7414ca6c,1,2,Thursday
674c61b0-9651-447d-a250-8e89e1e1602e,14cb64fe-a529-425e-99b5-57961e5a2b58,7,1,Thursday
ebbbce99-be0b-4ac6-b04f-0000a437968e,9c4b7a97-e344-4a1c-b209-52872835f864,4,6,Saturday
56890baa-105b-46f5-9457-ba9d19d47ec6,28daf6b3-62a0-42fd-9595-bbe7d5a15c5d,6,6,Sunday
bf59f0ed-0e05-4ad6-a640-1a9213c9794d,dbcaba5b-3861-45c1-9270-fd2ab1bdd95b,2,6,Friday
44c6ef83-0054-47d4-8b97-5c0f7fc1c0c0,55a5f9d9-329a-457a-a7b3-e0dd77f9796c,3,3,Friday
f27844ee-3c46-4804-9eb2-72f5d681fa9d,6817c89e-3970-40f1-b881-ea8c3fd8b81d,6,10,Sunday
b913fa28-9c86-486d-915c-63a7c7e935c7,906bfb50-cce3-4b04-ab59-24334f59002a,1,6,Sunday
33d3cf7c-8eb8-44d8-bc6f-53a25722f368,3dc6b17e-6716-4c90-aa6a-2612f280cdf4,7,5,Friday
867c4446-9f7e-4cfa-b4c5-e819b316180a,a2869b8a-c3cb-4106-9c47-592e28409727,4,9,Thursday
31fe6bb6-0581-4149-8de4-0aa1271acff9,c2034e69-b849-404c-bdc3-aadf3c074320,1,9,Thursday
98baab2b-4f71-43ca-8084-022de9ffaa29,d0b2122c-da7a-4c9f-a44b-21c86736aee0,6,10,Friday
e55f0ae4-63ba-44d2-84a1-8fe1969b4b25,c91d86d7-d2f3-4344-a3cd-4976fbce7ac6,1,6,Friday
5eec12f3-4742-4204-8e55-d98221c2d3a7,57a067b8-fcfb-4b67-8bad-aa15de0cf253,2,1,Sunday
3deedc24-8d70-4f94-b79f-d4560b152aad,5ba91ddd-9eed-41f5-bc4f-0500c19ccf21,1,1,Friday
ed1f4902-91a5-4463-83b2-25450fefd926,a81158c4-d19f-49cd-908b-682f366baecf,2,5,Friday
27ab1f53-f633-4ca2-9075-83ff84c9dce6,86d5ef77-a70e-4aa5-a603-529f068937f6,6,10,Wednesday
0113fd4e-50af-4086-876e-b87394d388ed,10b5cf08-acc4-4bd8-ba2b-0b7ef37bca69,1,5,Saturday
9379e976-3027-4e32-be6f-ec86aff351b5,3f5bf632-1b85-4223-a968-31c0f82d084d,7,1,Wednesday
e0df558c-8050-4a1e-b02e-3983f2a9a079,5f60bcbe-0272-411a-8b87-6fe06b17df08,6,4,Saturday
79e6d263-161c-44a9-b3c4-6ae6ae0c49fd,21967520-19a4-4fda-bc31-1caca67762ea,6,6,Monday
c87bab17-da55-4563-81a2-74352d9eb5ca,9c0aae10-9837-46c6-b1df-948f34e46ff8,6,8,Sunday
f0fb1ca4-a642-48e0-bafe-6d0531ef7305,747836eb-7622-4116-b030-fc68721275b4,3,10,Thursday
2fb54415-0f42-4c35-9684-0b3a27b9dafa,24f4cad7-cb62-4443-b099-4f85f7e53bee,4,3,Monday
7d9f9201-4db7-41c1-9b81-7619d25bde9e,a15bdff9-6ac4-4de1-b1cd-33e0e22fb6a9,5,8,Sunday
340e4c03-fc10-4b99-944e-d8f2ac709e53,c2cd464f-a54e-470c-8f07-9f4e449a2bbb,1,10,Monday
30df8c0f-518a-41dd-95c3-3225505fd40c,0b14e1e9-08ce-435f-ad73-5b881f4b7b78,1,10,Wednesday
e8e20efe-64d1-41bf-ab64-5cd4b4d9376e,4742ed28-5ed3-4af0-8412-9439613c9aeb,6,9,Thursday
b96842d5-4b16-41fa-a50c-19c8c844597f,2824fa65-ea87-4ff6-9d20-2b53d2917193,5,4,Saturday
c592f7b4-2624-4bb8-8999-d667a2cf033f,a5671399-44a4-483b-a7bd-bec0a82d4996,5,5,Saturday
b55b3da1-cebf-48c0-979f-1a480195c2fb,1b527151-a32b-41ed-b772-e46cb785ae2a,7,8,Friday
1d70ddc8-87fd-4834-a9d4-a1d8c8502460,b61b7184-81fb-4a8f-bcd2-3b05362600bc,5,8,Thursday
997da8f0-4220-4da9-a299-2c8e56b0cf20,f9e76054-b7cc-4a3c-be35-7d9bb4c7dde3,1,8,Friday
0515072f-2740-4991-bcd9-d7a2a3738505,1691c68d-1c03-4cca-b8fe-703f2ae6ec39,1,3,Friday
3bf4dc72-5888-41db-97ca-57aef6e5b34f,cb565d71-529d-4bfb-ad48-f899741d5644,5,2,Monday
dcf6483a-bdd8-4733-a3cf-12edc7bfc48b,497f1dc3-c45c-4870-97dd-87c37ee0f7ef,5,5,Thursday
e2d2a998-5b72-4d7f-b7ef-5fcfb30051f7,6662bc36-b545-408f-99a9-ae6210e0fe08,1,9,Monday
5dd65e66-a7e1-4183-a241-848d537fc0c4,7ea52beb-aaa5-4d8d-8b4c-5e41d0d0ab83,4,9,Tuesday
706cc042-4fd7-4d65-aaea-883aeaa928ca,5ce67d10-67b0-4b22-8d8f-c116fe5fbb2b,1,3,Sunday
e22ea9bc-f86f-43ce-96de-bcdb6bb2c1aa,c729d5e2-970d-4e12-b4f7-512dca28f48c,5,7,Monday
5bcb26ff-a56c-4664-94a3-532c85b3e015,16c552c5-28ea-452b-91c1-2fb09d365dd5,3,5,Saturday
bd195198-0395-477e-bef3-0a38c17768d9,3fc01b4f-7212-4837-9382-012adfd2bfb0,7,5,Tuesday
2a172a66-a0f9-4681-95b4-8d71a107261e,bb129078-1717-4c49-8f00-f2af9ebfd64e,2,7,Monday
b11fdbae-0004-410c-9ada-23d24b5760b9,cebfc1ec-c093-4c3e-bb9c-229670a1919b,5,5,Sunday
92b0c975-a785-4b26-b544-0ceb36b9eb43,811512b0-5b9d-4be9-a449-8b6320ebf32a,1,3,Friday
48a03ba9-27b1-444a-8b06-03dcd36a31e5,bb8133a6-4e23-4100-85a1-f17804c12ea7,3,5,Tuesday
e8cda594-efed-4eed-b470-e7249ddbd58f,c378ccfe-b0fa-414c-8898-3e678518bc85,6,3,Thursday
4a48fc02-d1f7-4919-be24-e11b2a2b6a48,9be40767-34e3-4f33-9979-c67349243132,2,10,Friday
d80546ac-1365-4f97-8cd7-850788ea1d0b,889a8876-08b9-409f-be3b-dabbe4e3e0ad,4,8,Monday
64914ff1-176d-4c92-8c9d-e17ac9431c4e,f0e1a526-795a-45e6-a039-726dfbc6e837,6,2,Friday
6a5c502f-9fe8-46b4-b69b-d87797b2f304,43ac3a49-023d-490d-b24e-6e49b12b0736,5,8,Thursday
b3d1df24-623e-41f6-a27e-4b5a8a9a8105,25387f2e-e531-4b6f-9830-6333626675b2,6,6,Saturday
681c727a-eb80-4826-88c2-5bb9f218c067,efb352c7-c65f-4864-b1db-b409cb177132,5,2,Thursday
c89449f8-f918-494e-b3e0-cc8c257f659a,12cb61cf-58f2-41a0-95d5-fac505dcec73,7,5,Wednesday
0a687829-2a66-40c6-b65c-66db2ae443f4,249aeede-2f93-43ab-a544-6787eac2c83c,6,10,Wednesday
3ea49b95-1d8d-431b-a032-26ab1f89d785,48d4aa0a-8ebc-4bbc-8462-f1a3ffaf134c,2,2,Saturday
2b495717-a37f-4e68-9002-b6c296718666,93e90564-a419-4556-aaad-e96b39905b70,1,5,Saturday
bc548d1d-93c6-4268-a9e8-bdf3274b2aeb,7e376251-d82b-449d-9937-33b6de8b1209,1,8,Thursday
74bb0b36-d869-4763-88ed-57b6bdf0bbba,083a15ec-dd4c-48bd-ab68-364f792e10fe,6,4,Saturday
6b57bd21-1463-485d-9d53-caf9f796d744,b80635d3-e6de-4887-b314-48f7db5f6e24,6,9,Saturday
6492bb83-4bf2-4c20-b0d4-bf37ff6fab1b,440f5020-41a8-4738-a908-1927924ac71b,4,7,Wednesday
c6f87bcd-d6dd-4ed0-ba13-c8e26bf43054,9203a469-32fe-4e92-9d37-0eefb300f402,2,7,Sunday
fb820acf-285c-4fd5-b16f-14cfb52e67ff,d17ee75d-89c7-471c-ac5b-f3f073d6f8fa,3,5,Sunday
292da593-7e50-4e58-aaa0-1ea1faea85b2,26da9162-ef4a-4df7-a30c-cf86683cb8cd,1,10,Sunday
43626f93-4ea2-4d75-b521-e467cd34d38e,48279358-c4be-4c86-b891-a6dee4e46207,5,8,Sunday
5811d434-762f-4abb-b65a-69a8ee7e61f0,8edda032-96cd-4f77-8782-9b836f055cac,7,8,Thursday
d65e5693-1649-4cee-8bbb-376bcbba6562,fe5b987f-a1d3-406f-8ce4-6c7114a75faf,2,6,Thursday
0574d3ec-0bf1-47e1-bc5c-64c00cbe43ed,f3342a77-f214-4811-a402-de499c101af6,6,8,Thursday
6a176f42-00dd-472d-b23b-a4553c2cd134,7705901d-eabc-41c7-a05b-e3368a594289,5,3,Monday
d1ebe692-6765-4b61-98bc-7b9d4828cef5,63436ef8-2ce8-4591-8f85-287bb969118b,7,6,Friday
8a264c23-6fed-4b70-a765-c96b99ed6403,c0bacdc4-0ca4-4d46-a0da-6a6ba9300b0c,6,4,Sunday
a7a8d0f5-8617-4d13-aa32-87bee81bc804,10d55e46-1dc2-41d4-94ca-6159783841c1,5,5,Wednesday
43e7f67a-dec9-44f6-b4a1-db9e44872aa1,1ad5e0e2-00f5-478a-87d7-ec9046958d28,4,7,Sunday
b7d68225-b677-4e6e-8178-a3a8acad0c23,3edfdc89-4a12-469f-a003-7b91f13a19c0,5,10,Wednesday
69750312-a5ef-48e4-8fdd-4921a5d02cc5,4d9682b0-8d45-4a4c-a4ac-dfa4d15afea3,4,8,Friday
562fa5fc-7446-43b2-9339-969fe33ac7c5,c17c05f8-e3a8-4137-ac26-0f43af7fa5e4,2,10,Monday
cbbf8657-4680-474a-b8b4-840636133540,2b1cb728-9931-4d65-aa70-5756a4e503d7,6,9,Saturday
071d7e39-3b12-4eb8-8464-570022ceebaf,f8da0ea6-ac53-41cb-986d-a84a7c542206,6,10,Saturday
250f5480-2f8c-4c5a-9c6a-ea4d4ae473d7,33b70bb4-8b7a-47e5-a964-ea523015bc14,6,6,Thursday
36013922-67ed-4a6e-8304-1662ea37047d,84479a7d-8b56-4ed7-a0ae-8e4e99408c99,5,5,Thursday
edb99527-fa6b-4543-abf6-c9657b878eeb,1c8ed1f3-9e00-45c6-b3df-bdc74619c2a8,4,6,Monday
d9f4deac-a0d9-42db-9009-e6311a628ab3,be55409d-a872-4715-93e8-94eac9747b20,1,7,Tuesday
e62afdf4-3208-48bb-9ec4-12d4575a3665,2c0e86b4-fbc3-476c-8a76-7310197a0e43,3,9,Sunday
6c439d26-e4ca-4340-bb62-e1877fcd3c50,d4db1f83-1a9c-4911-8d89-d0ee77149c7f,2,9,Saturday
157c043a-b24f-4575-80f6-68734b9ddfcf,541d43e6-4e45-4971-9776-3b2a342ea4ac,4,6,Thursday
d201b4b4-f6b3-4361-b6e6-a56827f24262,0d785258-077f-4dd0-9881-464b83be6174,1,8,Monday
c5b745d8-1d0c-4f99-9dbb-443588357e71,de507dc6-8461-4983-a6af-50475f6d9d77,5,2,Friday
c4b4cbf0-9922-4737-a804-9a1cb1b1958f,7cd6ed59-8399-44d5-b01f-e3b6b15ae68a,3,5,Wednesday
8b67c1bd-376c-43e7-91b8-a04c7d481484,ba988239-72d4-46cc-8676-087495e8f53c,4,4,Saturday
332639ee-88fa-4a73-8a29-b41eb9cc7036,5be14563-bbb5-43e1-bcda-eab31fe34511,1,3,Wednesday
f1208393-21c3-47ac-a78e-4bb8aeb5dc6c,5e139098-7f3f-4d69-8b2c-25ebbea92927,5,2,Wednesday
58c328ed-ceae-4afc-9491-95b496881b66,f028a753-2798-4d6c-af23-d2d5d1247c58,2,8,Friday
672a20c7-9725-4173-ad1c-948fa621324c,3f90fbae-3a7b-4b9e-89b8-5a5dc414c445,7,3,Friday
7f5db88e-a8e4-42cb-b913-7dfd570e12eb,eac149b8-aa42-4947-bfd5-64cae9c4b935,6,3,Thursday
f99f65a0-9883-40f1-b925-10108c98197e,a7041481-4212-4fbd-900a-8d31d5e94dca,4,4,Tuesday
aa38a920-989f-4b24-966a-945ac7eeed0c,ba847419-1e6f-4cdd-894f-bbabe66da7f9,2,1,Monday
a6a84fd9-e736-416c-b145-0a17c960bcff,75b0508c-060c-4ac0-9ef9-ddb5d5d69902,3,2,Sunday
d7329ab4-3ab1-430b-ba83-332b8d31f633,47b68afe-a50c-4d1e-9811-94a21a4284cf,2,3,Monday
41ceaf2f-014d-40ab-9f35-8562e810a1f1,39aa80e6-ba12-4dfa-862b-aab74e89374f,3,1,Sunday
0e74ee05-7653-4893-aa6c-3c7e9e2f5b8c,2993b065-3b77-4a55-9896-9d0132319f11,1,2,Saturday
b9ec6913-da5f-48d7-99f0-ac3964bd395b,cfb80de6-f94d-4bfd-9c51-49c77d560e2b,5,10,Sunday
8d16a218-3038-40bb-85e5-3f460ad817db,bf157808-1235-4f60-93a1-7bc10669e44f,6,8,Sunday
fa1338ca-cacd-42ea-b7b4-db24ea7acd79,0ef0d8f2-5296-436a-b603-3fd3a0b8d527,1,8,Saturday
59ccfdf7-d478-4b27-95f1-03b43c26ef1f,035051d0-fa2c-438e-8603-1a5a33aa163d,6,9,Thursday
346337e3-3fbd-4425-a45b-0434f46983fd,1457bc6a-9282-4f33-a0dd-033b7ce16189,3,5,Thursday
4ff187dd-a582-4b5a-b6f9-ed5aa7d5a6d2,ae30c547-2649-4e38-8012-d2533426df97,6,2,Saturday
655101fd-45c0-4464-9732-af22cb60ed0d,36459657-5515-4476-851b-69f447bc26ad,4,1,Monday
7f75140e-5c1a-42bd-b280-0ba4bdbe8561,f8f91917-9aa3-4e54-8bdd-bb8801e0d6eb,5,5,Sunday
1909a49d-6a5a-4404-bfb6-ef915bfbe6e0,43607c1d-100e-472f-ab1b-b31a344b8da6,1,5,Sunday
5b64e0d7-93bd-4185-8801-61973a2d020d,4b6ffb7a-7c44-403a-89a2-54c0b63df2c3,3,5,Thursday
d052e4dc-1d60-4718-ac2f-2dd26fc3462f,7389a73a-53b0-4423-983b-85f6232c5adf,6,10,Tuesday
f95bc114-5db9-4695-8fcb-cebf5ffdf831,a3577558-80fc-4e4c-97cc-8dc8e858e582,7,9,Thursday
49963f53-4971-4245-98f7-6c5c4e00a60a,59f1fb24-a849-4402-ad2f-cda5a358ad17,5,1,Tuesday
961e08f3-657b-441e-9f2d-423a3e69203d,f456f30e-d5eb-4c71-859d-6577f30c9cd8,5,10,Tuesday
adec3bac-f311-4312-af87-cbae18c2e00f,f2b29e90-94f0-46ac-b47c-76d547fae695,2,3,Friday
a9dfb5cf-aac6-421d-ab98-7304b5c19282,5227a41f-b766-446a-98b7-1b0aa47f85e2,2,6,Tuesday
efcdd2e1-1ee8-4aba-bfe8-798a7d6320d1,efa9f279-4cdb-49fe-9ac7-e5cb3266c633,6,5,Friday
ce18aa15-faf5-40aa-9d0d-c811cabcd364,27770a4b-fe58-4bdb-81a3-d19f3698902c,4,6,Saturday
e1cf60de-32a9-481f-9c1c-fa6cddf64d44,53500be7-a0f9-4857-9384-071fcf2f8ece,3,2,Sunday
561c6202-8961-4421-b9ca-9a3330bba086,40027fc8-7cb0-4dd5-864f-aea420eeafa4,1,3,Tuesday
d81b2fb8-fa6d-4825-b721-bdf3543ba89f,0a7fa2fb-2e2a-4204-8ced-848f1a54c4bd,6,7,Tuesday
ac72ffbe-2c8c-464a-b1bf-a7555c51d84b,912ed653-8da3-45c8-9209-bf5896f4c397,7,8,Wednesday
e2bb9aaa-4715-4bdc-8ce6-2ec27533cf0b,2fc9b969-aa70-49b6-992c-991a31e3b3f7,2,4,Thursday
78ccd973-c7d8-46da-b105-1b661dea353d,c733ebbc-0156-468f-afcd-9888b9515a94,3,9,Sunday
37ae6dd0-8099-4c4b-b24b-4706069868d0,9c27509d-993c-42de-b847-84f3f4e3eaff,5,10,Wednesday
e8c3435f-4821-43a7-a87c-7851fc69ade7,7f1933c5-4549-422f-a7f2-bb398cde0be4,6,10,Saturday
5432fe16-6f2b-409f-9373-63b2dea63c54,409d6e86-02dd-4ce0-a3bf-8025f815d31d,3,8,Sunday
90a2708a-f6f3-4ee6-9246-8117870b5cb5,1117a11e-1191-4a90-b047-a297a46ad600,3,6,Wednesday
cccb37c5-0707-4da2-95d0-45b20d581078,4272c510-62d0-4d3a-9b2a-008206c32ec0,4,10,Friday
84cada7b-07bb-4fcc-84fb-fbd9d5ebfd61,5cda822d-024f-4086-878b-439c13a1d278,3,1,Thursday
136d9e8a-af70-40a7-9f43-045d11cf5699,6b01797d-da93-4fce-9cdc-13dff6b68a30,3,10,Sunday
7486537e-2d90-4949-97bf-6d347fdb185c,a6fac995-bf4a-496e-9093-3723e0e8b3fd,5,9,Tuesday
9d715323-d248-4a64-9901-c78c8a68f74b,333700cb-de44-4c0a-8bd8-97a42ac20cf7,1,7,Thursday
6ea46ca5-d2ce-4bb7-b449-05f4704f87a9,29bc5f18-f630-47cc-b635-499294b1082f,4,1,Saturday
f7aebb5b-12ee-4d7d-8671-7250017fba24,3c6ea369-dc8c-4478-99e1-d9e745caafc5,2,3,Thursday
b338eef3-19ee-4c77-ad95-c765a77497de,22504e1a-781d-42f2-b502-b369e4901b0e,4,5,Tuesday
b5025f7c-94dc-44d5-90a7-04beaa796925,51730e51-b7e2-4df0-8c41-a158701b44ab,2,2,Wednesday
1d281b12-769f-4a2f-80bc-9d8a4f780b34,cfff7f24-ce72-422c-a1d6-0a8ca997a2ab,6,9,Friday
b1793cce-89a9-4a03-a472-6c5a3478a3a6,8d4fba4e-7a88-4cdd-b803-1668d13ac752,3,8,Sunday
19fd7c1c-36e9-4735-a1bf-002915961fa0,a1c4eecc-ceba-441a-befd-c907ca1d2d15,5,8,Tuesday
c4ab45f6-915f-4284-9c74-3d461e727bb2,ec64e03d-7f76-41d1-bdec-ae27b8a5bf9b,7,3,Saturday
4748ca08-8d19-434c-ad74-e801f7864b8c,3eb6508b-8a5c-4fd8-813f-0349d555a579,1,8,Wednesday
660488c4-8c3a-404b-8734-fc374d155bdd,ae9a20ba-8ea4-4638-a02a-d75b995d933e,6,1,Wednesday
9b8f27b1-3132-417f-9036-0c5f6a61fab8,06a91a94-5492-4021-9f18-a4791ad67595,5,9,Wednesday
a9554cd0-1c20-4a7b-b7c6-03c3a9c447e1,e9edf3da-ee2b-4d15-85de-eecbec029399,3,5,Tuesday
c3ce7f7c-77ca-43e0-946e-885bd574183b,156e641c-f787-4b3c-acd4-ec7de4219a0f,6,1,Tuesday
b2586d88-395e-4c83-a48d-80cec96604e9,b251043d-041c-45b4-b728-be6e7fae96cb,4,8,Monday
8d019a57-f473-4551-b757-cabdc3adbf88,5c7ec4c7-fde0-4e40-bae1-380a35d76b83,1,3,Thursday
89a34f6a-1c06-4d7d-a81a-4283ebe5875b,8b6589a3-66c5-4f93-a88a-697cfc78ef9e,5,3,Sunday
efe4227e-0208-419c-93c5-4b7a44757511,4d40f6dc-0e28-45de-b8e5-33f97dbaab9b,6,3,Sunday
b834441a-ed23-438e-b82c-2148003112ee,3eade676-3893-4646-bec5-ede0c1caf77a,7,6,Friday
c88aa56c-e706-4746-a54d-9a5316c0b4cb,309c9716-7934-4061-be8f-3c4185d7faab,1,2,Monday
a5e7cd9e-535d-4bb4-a3dc-fb2a06ec50ff,f4caaef3-7906-4497-b248-787875fed58b,7,4,Sunday
1b2a9a47-4670-45ab-b630-52189ff21337,63272742-6a2a-4ecc-b71b-a954719fd73e,2,3,Saturday
b3aa0aa8-20a8-4b3c-97b6-053de7b899d4,0a533253-f377-46e5-bab6-b5eba7fff4b9,2,1,Wednesday
f59771a5-c3ea-4694-a174-98d260522d17,d5cced1d-a278-49cd-b387-82ccb7fe2f5b,2,6,Friday
9d1abe99-0621-40f3-b07d-a950d2953fea,9402ea04-2d23-4c1a-91f1-841b47534216,6,2,Friday
d8966900-f69f-4b77-90d0-4789dbedeaf0,b8ac6809-85c3-4e5a-8da4-13f65f721eb8,7,5,Wednesday
b8eee945-16b9-4641-93a4-b3fe7f83765f,3e03512b-8bf8-4bcf-a42a-46290f4b4960,2,6,Friday
cdb52064-2bca-46f1-aea7-2f08869295e0,a4228d04-a881-486a-8fda-34378387fc55,7,1,Thursday
a8b73752-dc91-4ab4-a91d-551546068b01,af0f10b6-9e83-4d03-9e0f-2efb2d30acfb,2,8,Sunday
78b21bd5-b251-40ff-b610-c8a7ca7ab049,40e4e65e-1845-496a-b518-3c5c888232f9,2,5,Tuesday
7b896e69-b3d3-48ed-801c-f4f710b3676d,9f603f63-c7ec-4cc6-90da-2908149fa5b0,1,9,Wednesday
a6300d9b-a061-4387-98bf-80d424b0dc3a,db678cd5-4c18-4066-9c05-bc131354b28d,1,2,Monday
5099ef9f-5314-4ed2-a533-12ccf109b95a,e33407fe-9c5d-40e5-80d3-eee024b0a9ae,4,1,Friday
84dab626-949c-441d-a1c1-f7793d7390fd,aecb4195-6151-45c9-bf23-adb92c0094cf,7,10,Sunday
be4e7aae-8bbc-420c-b6ca-8dc5fd5af164,ec00f92d-4bab-4b1b-b353-a7a0a6cda6c2,6,7,Wednesday
25d58473-3fbc-48e5-8a3a-220cca641c46,cb75ed1b-51fb-42c3-8013-2c51f9e4105a,2,10,Sunday
233e856e-988f-4931-804c-7fbf2b0ec5e3,910a49b3-06f6-4061-81fb-13f7b8a9a1f5,6,5,Friday
027e7645-a277-4246-8c45-c7e247255e2a,ae24fe78-b097-4b44-8485-7dd378bc42ce,2,10,Sunday
c0aa2e3b-a20c-4998-8f5e-95bad6eb059a,850a4e01-d498-4d73-87da-d49cb274358e,6,5,Saturday
3e35eedc-7075-41e1-a993-ad37fbfebc24,e3b08c87-c854-425a-b8b5-5fc8f500448d,7,7,Thursday
118cb946-6fae-434f-b236-cd3626faf32d,c1d38ea5-fd19-4686-bd31-9e8e808a48c1,2,10,Thursday
2158b1b0-2b29-4894-bc2e-011d0b5abd3b,c96f8dd8-9114-43ef-b13e-18065e4be571,6,3,Thursday
057b7487-0d31-4142-9a85-4822409f63bb,afaf4450-100f-4b52-baed-bb0e7b5ff0d5,6,7,Sunday
71e09c6f-aa56-4825-a8eb-630ae82c70ed,d2ffab96-a2ea-4d48-ad75-cddf60827bd7,5,7,Thursday
23e83634-2d11-4e4c-ae26-d4e76b65b853,40603982-d825-4f95-92e5-2e5b7b3d338c,2,9,Friday
e179153e-f60b-4db1-ae2a-714f9ce27d24,4d356411-f4f7-45d2-a146-7c143d1e7a14,5,9,Monday
50d26af9-59fb-4611-a5a6-edf1d624e3ee,3b7b9aae-8750-4695-b3c3-2284b42bfab0,5,10,Saturday
3a75c9de-9c4f-4eeb-bf07-0b6ae25dd3a8,e84bc4a9-3172-4c07-b177-5e8ddfb7a5c3,4,2,Sunday
23d94ae7-107f-4925-8f2d-a1f859f98d65,7c3a3f3c-aecc-4f2b-a715-0921492c2664,2,1,Wednesday
50aa421a-9a31-4637-b184-a70242f67d99,6397be8c-7f23-4d94-ba59-9d9b1fce607b,1,8,Wednesday
9ac4b460-9c97-471f-9b21-a8787808baa6,d1aaf08e-b9f4-4b4e-a4ae-0e60eba1dec7,6,3,Sunday
4472005c-a2ba-4857-8519-fe9644c05c18,5eab9d2c-a4d9-4cb7-aa15-32142957802c,7,6,Sunday
491320e5-9265-47bc-972a-2786f2a099ab,91b415da-a3b7-4378-b03c-02eac4478f71,7,1,Wednesday
e9f3e3e1-5e19-4150-a3b6-9c9fd9a341a7,247a8cef-0d6b-4446-bfe6-82dd74a03b82,7,7,Monday
9575b4c4-6c15-40be-972f-0f9e6048c9ab,adaf8ae4-5032-42ce-a893-fe9696ffefa4,2,2,Tuesday
12884f4e-3245-4bc3-83c4-cfafa8a23533,27ca0182-c840-4873-9162-f90b57257d95,1,6,Thursday
3d575828-3973-4e94-b782-911d2df3e1b3,420c79c2-023e-412e-a442-1f8d7a17bd4f,1,8,Wednesday
3df5bb75-11bb-4ba4-9fd0-4162aafdd770,02bca3ff-2e22-4efb-ae6d-2a6a174ee229,5,10,Thursday
15191c8f-df98-4d24-8586-31d928aef3aa,2249f1fd-42e8-4cd9-b8cc-91a6771cc43c,7,10,Wednesday
05b3ec34-c981-4fda-b3be-6d02a651dad7,5def64a2-775b-4aaa-ad47-f503ccce9a54,3,1,Sunday
01228d3e-8967-44bb-9b9d-61fa2f60ae8b,b069bc46-908a-487d-b68f-8b36eb502a6d,5,5,Tuesday
b024a5d3-83b0-47d0-abed-7eadcb2f2c5b,8ffb4c10-beae-40cb-bff2-785c6d39ce90,2,9,Friday
44c556e3-50af-4756-bb6d-c7523d51fbb1,1fe6d41d-8adb-4679-9e57-9eb2346b05cf,1,3,Friday
5074476d-df04-4743-8901-698394b655dd,1430784e-5a12-4f2e-a30b-22314f92c966,3,3,Tuesday
96f50198-ed81-4845-bba7-f370f57f8f1b,677936b9-895c-4783-8822-deb5ae4bbc76,6,6,Thursday
68dadeb4-d848-4821-bae9-bf64a3bcd176,8b36ea0f-d679-4c34-bc7e-0e2c33952e88,5,1,Friday
56b82849-05ab-4201-813a-02db9a1e619c,c651421c-52fb-40dc-8410-c28873760c09,5,8,Tuesday
f424371f-5813-44f5-9896-e9efc84f5112,b409ed2c-4fae-4d72-8ee9-ccf27c55d716,1,10,Saturday
f3ac3e24-0e5e-4520-a5a1-1cf880e06c37,2c18d0ec-bba3-4700-8e4c-a5a1ec79dd86,2,4,Friday
f49a2035-0eb0-44e0-a6bb-538e264fb726,813adccd-5f45-4e01-b11b-7690e6c9688e,5,7,Saturday
600c7b1b-91eb-4de6-85c6-8521ec68f746,5501ec36-1971-4206-9a61-f186d6ae26c1,7,7,Friday
44d138c6-30e5-4b26-b73e-20a9d7d9d7d2,422a5109-b781-4885-b18c-e970438ecdce,6,6,Wednesday
51833b4d-6932-424d-9e9a-23cc564ff82b,25b221a6-0ec4-4b1f-9eb9-26703f5aabff,7,6,Wednesday
78b3fc1d-f7d6-4edd-9c15-04d404e6589b,2d4f21f5-a93c-43dc-8987-4b57fea23961,4,5,Friday
79b4159e-f37b-494c-961a-38f6221cc9a4,7da18804-de91-4c30-bd5c-9d70af15361a,6,4,Tuesday
d2493690-15d8-4289-a19a-105c8e358125,59cd52d8-3579-4a79-9a5b-7f765e9cec7f,6,8,Saturday
82e0d6de-6f83-45d0-ac38-30231f9ed863,ae62f22e-8697-4c07-b336-ee6c8e7bfda7,2,1,Saturday
1d14b321-9e05-4e81-94c9-19d5c48e7a8d,793fa848-aeba-47fc-8daa-0fe56455e961,4,7,Thursday
088aa6a2-c360-4dcc-b603-1c11e40d3a31,04b37231-8deb-45fc-94c5-e487fd91cd4e,5,2,Friday
ce36abf3-2ed5-4ae9-b05a-d13c2ad3d1be,f1a7a6c4-04fc-4870-a48b-d8934d721c65,5,3,Wednesday
faa4c83a-1d08-4420-b717-f079ef323feb,70aa6999-d9b2-4413-8535-c6cc86d9271b,4,10,Saturday
cb4c953b-658f-44f1-bbd9-fdc8b3167747,dcaafa01-c39a-4397-a6fb-242ae4845489,7,7,Sunday
f04dfdf5-a547-4978-a397-1ac930085970,9bc9e518-8a5b-4283-89bc-b7c9e5916be8,6,8,Friday
34bd430b-a8d8-43b2-83b4-d1a9c59e31e6,5ede5a32-7ff0-4e57-a6fb-0e22203e9e6f,1,2,Monday
b8dea9a3-e53d-42d5-a803-a9243b3ac627,1fc71895-44c7-4d9e-aebc-7e7c33349af1,5,1,Friday
d242be1d-fa1a-4f49-bb1b-c26ce6e5ac58,046a2d2a-d493-479e-88cc-5027664f5911,7,10,Monday
11647a9c-b63d-4ee8-9937-b8479a8f9f83,e4d45c6a-21f8-4f2a-9fe5-ced3a8971404,2,1,Tuesday
477aa469-de01-44e7-bfd2-c20bc2c3334d,6df36200-5761-4004-a7d2-97a9e6d08339,7,9,Wednesday
f36a787c-9bdc-48cc-b538-59b6964c363f,1b6ddd2d-8bd0-4c99-b2e0-979d93636013,4,8,Saturday
c39030ca-6cad-4d8a-898f-6fec4f54c283,cf5ade9e-b66b-4105-b638-095ea5a56780,2,9,Sunday
8a7a2904-fafb-4c65-b7a7-cd6d36bd3124,8a87b076-ca63-4513-8c76-586f4ab744e9,7,3,Thursday
c1155c45-117f-4133-b779-f2f39093c478,0f09b127-ae1d-418b-a88d-732d1b2c4412,1,5,Sunday
bdda46a0-772f-4bee-a539-9c00137e09b9,adc06596-e323-4cb5-802e-fa220cd8d128,3,1,Tuesday
bf580840-944b-49c7-b319-7e8846741468,65f9a558-66a4-4ff5-a98e-942400f6b600,6,9,Monday
7e16d624-8c8f-4a2c-bd4e-a04446b32986,c300892c-8f8c-47c0-bcc7-c927a9517b71,1,1,Wednesday
630767da-ed19-4c18-abc8-d8226b3e4bf2,2b5ac4a8-1a5b-4c05-a58b-da5616dfb480,6,8,Saturday
deac1ebc-3889-49bb-8597-517229118685,e665592e-91cf-4980-afe7-89d3bc22d92b,2,1,Saturday
430134fc-566e-4e1f-a5e6-21add8d7cbf5,79bf456c-3784-47d5-be81-c7c2fddf1eee,4,4,Sunday
8de04fa1-5026-45c1-bdb4-957551307ff8,c9b57006-ff31-4dc0-b635-d5cf1b91736a,5,3,Friday
609effa3-110e-4128-b7d8-986981b26ece,d1209d3a-a4b1-4ac9-a4a3-01c42a6e26bc,3,7,Tuesday
28204945-323c-4f8d-b2e9-78b651c31895,598b534a-f317-414b-8cd0-500ab8b03a7a,7,5,Thursday
6556ff37-8101-4cf1-b735-6dfb2c10eb26,6e894555-00c4-4c80-8ed7-c587fafd5bc5,7,1,Friday
7189697d-6193-4e6c-81d1-67dbf76fb13c,065773ae-9701-4d9b-af60-13248112ebf0,2,3,Friday
dd7e14e5-ed35-4218-a7af-6047d344ebd8,449a78eb-5cbf-4cf0-a7d1-d451c1e91de1,2,10,Monday
38a52eae-ce93-4383-95cc-bd2718781779,369a02ae-8ae5-4beb-a435-5c64767445f1,3,4,Friday
bd28ca3e-1d3d-4576-8030-21008dda81d5,0820dbef-923c-4911-be8a-6a5e2cfb03fc,6,7,Sunday
1411adf8-7842-479f-a28e-930d0ff7fb6c,af9f5385-5a32-47d8-ad72-68c479116e32,1,2,Wednesday
eaab0c5f-c29f-49a4-a90c-13c052e04d2e,b9200155-8974-4cd0-9d06-5a079c7ecd1e,3,1,Friday
ad291b4f-f3dd-4445-bde1-f7bb48b9c859,26602a85-dce5-4472-bda4-17fcc01689bd,6,7,Wednesday
3c391eb6-6436-46b6-8b20-6282e4df7353,742e6dc9-413d-4808-a063-18d36371b623,2,8,Tuesday
b34dac12-4495-4fa2-87c9-ffc92e308fda,82fac157-a7d1-4c07-ad31-f7395aac5f82,4,1,Saturday
81e69a40-ccaf-4fd5-a5fe-42f29f8fbdb1,02656ffb-4459-4d28-b2cf-d235ed3ade2c,4,6,Thursday
c7811004-4a1d-4490-a4ec-0c77a570a493,cf2aa55f-98b4-41b4-af2f-aaf77366e468,4,10,Thursday
9ebf71c0-b78a-4c85-992a-06ad5214b37b,d10b90a1-b77b-4036-a535-1f41fb304f5d,7,8,Thursday
f2d1eb57-0bbc-4883-9172-cc31e644bfa3,3d2ccf07-96d8-4bec-a463-ec96c5795620,1,9,Sunday
ce723c3d-bddf-4c90-9038-ffa7834d316a,328b329b-ae9b-422a-99b0-dbe4a0f62983,4,4,Wednesday
e067d6de-debd-4731-bae0-509690226a01,2d6c7436-da5f-4830-9943-c745db46df19,2,5,Sunday
75f2df89-0eb0-4936-aff4-f0afe0a0aaa9,9c0879ef-2407-4812-ba30-3f0c6476819c,5,3,Saturday
027187c2-1a8f-4613-8f6d-3bcf7661e2a2,f0cdbbda-c03e-4849-96bd-914fa5e23f75,3,2,Wednesday
f34d02b0-da1f-4c4b-ac02-063c3ec0f6d9,9450a166-9072-4fa5-8406-fed6c5cde7d1,3,1,Thursday
7215ecf7-eff3-423c-82a2-3173b67501b4,370b7739-b79a-4ef3-9d95-a3ae55b1764d,3,1,Tuesday
d22c08e1-e755-4305-b325-fdb6a29bfe73,20586545-050b-46e0-b12b-5d593dd78257,2,2,Tuesday
cdc2eba8-fb92-40c8-9ef2-35f3a73a7087,bc4bff1a-78d6-4ceb-aeb9-1937c6c3e593,1,7,Thursday
3d1ce17c-d013-4e66-8073-f8348fb2ce02,e973398a-b392-48b5-903e-71bece1c10bd,6,6,Tuesday
7a9d215e-be5d-4b7c-b9a6-b3b8ddca4193,d7a55a24-74a8-44fb-a04e-f0b259bd84f7,6,10,Wednesday
db3c7f00-650d-4b2b-afe2-231cac935122,68286301-9688-4f37-9031-ea0dabeccb39,7,2,Wednesday
ad8e92b4-845a-4ea2-bbca-7dd2d5712c58,8074dc1d-865d-44c0-ad6d-3a1694a91732,4,2,Saturday
eeae1f3c-0c7e-418c-8f66-6450a0060735,5834bfa3-7d33-4a3e-bcb9-efa6f1fba582,5,8,Friday
0d4195f2-d80e-4e4c-9849-1468f2d1f7c3,9982bd43-3668-4fb7-b4b8-f00fc9db2fec,7,6,Sunday
98414518-224b-45ef-ac07-569db7e7e8e1,c0701002-2823-4bd3-bcd8-7bcaf9d20123,2,8,Sunday
cdb77380-0e39-45ab-8fbc-7a04cd575c73,65abbc5e-ae5b-40b6-bf81-5cac8fb5c321,5,7,Sunday
d2aabec4-ec68-41c0-aa92-a12b055356a6,46069d35-801d-45ee-914f-00e11a13687b,5,3,Tuesday
d0fb4c79-0f80-454d-999c-1f182ef45eb9,966fa62b-b3ee-405d-9013-8c5aeae61aec,2,8,Thursday
cf908365-9bbc-4f47-883d-1e0ac64dfeb5,6fa425c6-1289-4fba-8669-ed8be6df45d2,5,8,Thursday
c62f6197-eab5-46ad-be2a-83e3d67a8e55,154d2289-1e8d-4b14-9e3f-d2496a0fc623,5,1,Sunday
8c141703-51d5-4fd4-8ae0-2391e5d27a4a,4983b394-cc5b-4221-ab6a-94d2e8ddae82,5,3,Saturday
5d6dcd6f-bcad-4907-8949-b742ee34969e,8b2daec5-eb72-4e22-994d-59ce44147a19,1,4,Tuesday
729a19fb-69b3-420c-903f-71cd31bd076b,d7ffe431-816c-45b5-869a-50baaa57a937,7,9,Wednesday
77293e88-e848-4518-a970-dda50e64e409,a5979982-2148-4662-a413-96ebf8c61a43,1,8,Sunday
d58dea66-3fa3-489b-9d18-3f7059396013,5573f686-5059-4197-a932-1d457b63814e,1,2,Tuesday
fc3cd7c3-ef2d-45e6-8096-7f21aacb0987,9d314571-9e70-4bfe-8bc7-3b5fc88bbde8,1,3,Monday
fd0f6eb7-d60b-4f56-a697-2dbd8e64cedd,3b722b06-4134-45d0-a686-4496f7b2b92f,1,1,Wednesday
9a4061e4-b11e-43dc-bf63-490d827fea40,feaf1902-587c-4ac9-8547-ec37e05ee98b,2,4,Sunday
6dc7574d-9353-4093-a1b9-0c755162d032,cd7f824a-27bd-4be2-ac17-c4f0687e5e56,7,4,Sunday
289c5ead-1f80-4308-a36a-2d62fba9fa81,c52d14bd-070c-474f-a4d5-62df282a8a13,2,5,Wednesday
d5b3e990-f193-4a13-bc98-efe934961589,966155db-5dd5-446e-b360-bbb5d8b1c498,5,10,Friday
6c990f4e-7864-4e35-9429-b2e7ea123d36,b9f067a0-dccb-43d2-8602-a8bef7f73a48,2,2,Wednesday
1a175aab-e7b3-449f-86b9-fcaa38e3c9a6,5889fe03-aa25-49ec-b013-67e875caa109,5,10,Sunday
1ed80ba7-7e91-4a30-8110-3a5e4764f377,2ff2c2a3-6895-42fc-90d9-84882f3d8a37,5,7,Tuesday
2a178287-13e7-4d11-a076-d72f03c96852,761a7a23-37a6-4194-868f-e02b7478d5f7,2,4,Saturday
34f1f66d-9520-469a-8c41-b72febe677c9,d3cb41d8-7ee9-4a0d-83b9-ac4e3fce0b84,3,9,Monday
204ccc70-8c30-4d35-b48d-3c489db48b39,cd8f5b21-50ae-43e0-8287-7fb599107948,5,4,Friday
3d959620-3118-49af-a840-b3bf3149ef61,a65650e8-49ce-4589-8c8a-5e6368371e4a,1,5,Tuesday
4ad87e83-86fc-4005-9c31-fa4dfe31b328,28b21327-75a6-46a4-a0a0-4edad13c7497,7,7,Thursday
cf25b328-2e16-4398-9307-d371d37931c5,b89d4cf4-fffc-467d-b56a-7ee31c50582f,2,8,Saturday
0005a542-6c64-452f-ad58-1f816f0acc3e,204b72b5-eec5-4822-8d17-6c959a307593,1,3,Tuesday
76ad655a-6d63-4b23-85ca-abab20ced903,fe683688-27d2-4148-b641-e05b24f92f60,4,8,Thursday
07c6d567-a56b-4091-a3d0-f5747d210bfe,5af0574a-8c56-4068-aa3c-d62138210c25,4,4,Tuesday
04302763-3782-4193-8222-0413832cb81b,90973e0d-1733-4f64-8797-ffd71d5fc729,3,10,Wednesday
cb93d5b9-81a7-4c61-a6ff-2bb1dfb64b0b,92a51964-317e-4f04-a798-acbe03d86820,5,4,Friday
0f21f313-9862-41bc-862b-40aef019f021,23a2e05d-7ec7-4623-9e32-601ca8f2676a,4,8,Friday
a76f256d-02a0-4f4a-abcb-54583f064d4e,91178fc1-8685-4bf0-afbe-dba2ad5763ca,4,1,Tuesday
a50018ba-a7a0-40d4-83c3-e6bd884f9575,86ea403b-55c7-4332-8b15-62f27e523490,3,4,Thursday
150a6b43-e032-4048-a55d-a45fc605fac5,a923989e-599b-491e-a3f1-191d0c965523,7,3,Thursday
9d6c2a13-b1cc-40a1-a153-e3b780f7c51a,43f663ae-8d6d-4763-b3e9-4cc4535b73b2,1,1,Thursday
8173ea74-8e54-4fb4-a229-a0bdd9f11758,c42f43c8-5f10-40ff-b921-f08c4b8669ac,2,5,Friday
6bafb3e4-de95-4ab6-ba2d-749b09fc6848,34278a45-c85b-4396-ba73-dd68e72418c7,5,7,Thursday
cfd42e26-d74e-413b-a1e2-6ca6558326bb,a8cc4fd3-a7bc-4d17-b925-aa163d7eef33,1,2,Wednesday
f981fc9c-36ea-40c8-b1d9-22f14cd36b20,c98a9ec4-b94c-4652-94ef-2e19fa424d9e,2,4,Saturday
3d139fe2-9595-4286-b606-601f987915f2,6b8ae764-076d-4540-9af2-0e30b7b1d541,3,6,Thursday
abe013bb-5851-403d-bea0-8aa5a6f859a6,b678aeb1-7cab-4b34-bd5c-a64c997c3e9a,7,5,Saturday
207a7abf-1d2e-49e3-8bb1-48af16feb32f,7a36c158-fb16-48ef-9271-3c30501c57fd,5,6,Wednesday
04962963-09e6-4e90-9cdc-79a7bd1924a4,b754bbd7-7067-43ca-b33a-25911a3832bf,7,8,Wednesday
0657f7ac-b5f6-4eb9-a0cc-95a26878bb35,9196cc14-92a1-4794-a318-c5e623d116fe,6,5,Saturday
8e75f8da-b3a7-4ed7-add2-940d99b0aa5f,ce4c1c5a-e579-4358-a238-b81c89c39f7a,2,1,Saturday
ee386e0c-cbdd-4f8e-9b48-35a8787452c0,ca636f7b-1cd7-4787-9fb2-0cc3f28f4c59,3,3,Friday
84f3d2f9-88f0-42a5-a164-b8adf166d882,3601b871-9666-4579-b03c-bd44183ce4a4,2,8,Sunday
5a239cc0-d194-4e58-80a6-d632f0955734,bb5f9793-d80a-4717-ac53-c5cc7d96bd84,1,4,Saturday
a9c30978-4931-4d87-9544-a38a1ddd2729,166975f4-2570-4615-be01-58bcddd82e42,4,8,Friday
cfab2a63-fba3-4050-ab01-73129896b0a4,666c91ba-5252-4fe2-afb7-68dc2916eddc,6,10,Saturday
4bc17f9d-b3c9-4eaf-98d8-c56004345242,bb0be6e6-85a6-4dd4-a909-4d95c9410b38,7,4,Thursday
813a761e-e255-41be-a419-b7ccd064181f,02636665-da0d-465b-b613-5f59881528ec,3,1,Monday
d0996600-d321-4671-9110-661bf5d2de92,aacac772-dc39-4e96-a8a8-ea67470599b8,4,5,Tuesday
91976611-17d3-40ae-aae2-7e845939d77e,b4728d5b-ad37-4c59-ba9f-4ea36ebee54c,6,2,Tuesday
a1be62fa-1522-42a0-9b28-2e9197215c21,e457a9c2-9e13-4708-ba55-7ef082b5adc5,5,10,Sunday
f1a1edd9-08b4-4a33-abcb-810129b6ff0f,ce958374-08cd-4380-a234-e5f1e6ff867b,5,5,Wednesday
eb727af1-6cfd-40b2-a21e-0bb6f19acacb,ddac4a50-5df5-4de4-88e6-45d934e7d1f3,2,4,Tuesday
d8fbe740-aa65-48f6-a05e-fe3d7f27a19f,4d8cc94e-7c0d-4450-b805-42a4227af6ec,4,2,Saturday
55cfc7e7-2c67-45a2-8795-9bf403b176a3,42fe90bf-3131-4df4-8e62-d72287a3f22c,1,6,Thursday
bb1e8a78-5ea5-452f-a18a-9ad219c95580,ed868cca-53cf-4ffe-910a-028c2918845f,3,5,Monday
3027b56d-f03a-4b51-9312-65ddefad4215,b62bcc03-1e71-44e5-b672-c22623e28434,3,2,Wednesday
fa70877b-a0ae-4f34-8d13-e44193585d37,88c22cdc-8658-443e-9eaf-473ddf1f76c5,6,5,Tuesday
594b9139-d79e-4a38-9df3-429d0372926a,5450ea98-3202-4689-bbad-9e05d4b08c65,7,1,Monday
bedf61ea-cebe-4676-ae58-ec1720a896ca,a7e5204a-bbea-4864-ab83-621aeb12952c,1,7,Sunday
81c04704-1159-4a43-a876-cb790d2914fe,87617085-a414-4db8-be42-a1efaccf7b66,6,8,Tuesday
15920ab0-6180-4a83-97ca-644f0fd29e2d,8290efc3-84f4-4c4c-8ed5-ebff9e45a66b,3,8,Friday
89ed07f8-b778-4509-9ec7-a590e4df1d1c,7dbb2d46-3eb8-401a-aa7c-fe91bf40d4a0,3,10,Friday
3a11ea47-b55c-45a1-b3dc-06758ad9a270,d8914774-939c-4503-b7da-f65f62a42e63,3,7,Saturday
7a0ac8ae-7691-47b5-85ea-ab295930609c,f0ffef6a-bfef-42a6-bc8f-e5ff518bbcb4,5,6,Monday
a8801f8f-74cd-4f8c-ada1-79ab80809e6d,60789a6d-0cad-4d56-a69b-2face67ab38b,5,5,Thursday
b147c034-06d7-4627-a6db-d7759bced996,cd387ab9-a3aa-497e-94f7-650d43a54ec8,5,3,Tuesday
3c72900a-ad2a-4170-80d6-3d4d215bdc85,57addcff-2a2a-4a4e-b280-84f610d3c27b,7,3,Tuesday
0ecc4917-6b69-4800-9caf-b8abf05857dc,1f4bc68e-42b0-4853-a229-388f4c263dff,4,2,Friday
9cf69ca7-5ccb-403b-bd7a-cac73b420ba8,61db6d15-8b97-4c9e-ae68-702d1218a3c8,6,2,Tuesday
0c8c9e1f-cff7-4a9b-9c62-507692c4c925,bb49609d-89c7-4b17-acce-e56f39b40fbd,2,2,Tuesday
d94bf0e9-2219-438f-a2e5-11b051a80b01,e416f303-ab0e-4a9c-be2a-c008cbfd1aae,4,7,Wednesday
6f943841-14ee-4558-8578-f42bdef83bd4,7ab30623-76bb-4871-9453-bbb8e9d7818f,5,1,Sunday
320b47de-56d7-430d-8fe1-8c168bcb0525,4c6da17c-661f-4d7b-9304-26dd6f65705a,5,7,Wednesday
fe61368c-d86d-4368-ae03-ed6b96991ceb,8efa592c-99f2-44e2-b3d5-836842f9b0c7,3,2,Monday
419e6d16-39fb-4eb5-bcde-197cd47fc209,8cd94a1b-52f6-45d3-802b-d3041876b491,7,1,Tuesday
a7fe47a9-daf9-434e-b12f-b9a5973968e5,affc3256-96f1-4061-a82c-82c055cafcdd,1,9,Tuesday
2d203813-ea42-4687-b6ef-37c69b92db7b,05ab5e31-cc4f-4480-9190-b64708871f20,3,7,Sunday
84eb5f2d-b02b-4fb7-b94d-b001f489b782,ea648ea6-b392-40b0-acf4-0059721f6a40,2,1,Friday
3b73f3a3-4ce8-4486-837c-f7c1ba479a83,72e45f8c-c3f0-401f-bd18-8374366b5e05,2,1,Monday
76640c28-cff7-4e86-85ed-6d5127301d59,8314decb-264a-46f2-bb3e-287a8e1e097c,2,2,Thursday
ba7a7411-cac0-433a-a734-9fe37f4452fc,ed9428d9-3b92-4b27-bf2b-e6ae67b4d759,4,9,Monday
473876a1-d872-4f33-8cec-6cc20ba33b61,b4671b7d-1a30-415d-a403-740017103493,5,5,Monday
cb20463c-286d-4aad-a487-201ba2173343,0d2540c1-92d1-4b1a-8851-0df0941a3171,7,1,Saturday
fb2f589c-7e69-4445-b8d5-a0600167da77,22f33dca-f6ae-4afc-ac5c-40b91f90c829,5,8,Friday
178cd3cc-58b1-4727-bbf5-e249dca6f10c,6fe07092-98fa-4167-ab9c-6ebabab092d9,5,2,Tuesday
80a828c8-8169-4509-9a4c-934c278fdb2e,142f4a19-4e7d-4bd2-9552-c4e11a81fa3f,1,2,Friday
daad858b-bfc9-407b-aa19-c0c4137a4252,12892a05-61f3-49b4-affc-e53afd7f61fc,6,1,Saturday
825b9b61-e7db-41a4-89de-ca6ad819a23b,758fee47-5797-4125-9ce5-d6d144025ff9,6,5,Saturday
ef2fda9e-6d6d-4796-a430-6127dbac6b9e,8082a196-0aee-4120-81bc-d8f8aa074237,5,2,Friday
137baed0-a86b-476e-b723-faf25f9150bb,f27bb90f-ac10-4b87-8bac-ad993de34067,4,10,Tuesday
a67a695c-e01a-40b3-808b-dff6a1896ebc,a1e81d16-d955-4cb1-bc30-5912576ec520,7,4,Saturday
7fba42ad-7509-4868-9778-16ba33d6da0a,a4b8876b-27b2-45dd-be33-691be75eceda,5,9,Friday
78c8e737-5261-40eb-a64e-69f5736323af,e4ab7937-e253-4525-9430-440ade24fe6b,7,3,Tuesday
b51fb7bd-e228-44fd-a825-60e1493c72b9,4ed2caa1-1678-4f85-8995-1406746a43b6,3,1,Saturday
76896191-1efc-47e8-a82a-e23e4ffaa0c6,39e558e6-70e9-433c-9caf-798081f5ab66,2,4,Thursday
ba2d8ea5-f87c-4456-bc8f-3aae9ad004d4,5fbaac17-4623-469b-ac96-699f86e286f9,1,2,Tuesday
133046d3-cb86-4d6e-b081-25684f46597c,8fd2d9fb-64c2-4021-8518-f5827b09b68c,5,5,Thursday
b2ca843e-91ae-4613-852d-ba63634f6f7f,4a0d74f4-fc61-4835-be47-094bc5cde499,7,4,Thursday
a1df8e7f-8f50-4323-8f7f-0a8f68632d5f,149b21b8-fd02-4990-993c-c570b6d81393,1,3,Tuesday
2a4687ca-fa69-43db-8f03-6a770d0b11d1,dd879a95-8545-41c4-88d1-7be6a4878a36,5,9,Tuesday
13416ccb-fba0-4916-82d1-3f98059b89a8,1f7c0421-c541-4879-959c-7f148d01372a,3,4,Sunday
3f5d11d9-fba5-48e9-934f-7b5a1f05fdcd,b4335b5d-39cf-4c70-b369-2813ad2aa92d,5,7,Sunday
303c5630-0a7f-4406-b7f0-f5e834de8737,89416806-9dfc-4fc0-86e7-eed4b2842f7a,6,1,Sunday
04bde2c9-4055-4f36-b456-b46a1b5b100a,8424cbed-f139-4331-94b0-2c46334a1770,1,4,Monday
f2a954e7-644b-406f-82f1-028e0df34081,c584dfb0-4982-48f2-8506-4a59db574f3a,7,6,Saturday
37c433e1-2c6d-4fa5-8023-441ffe4aeb3c,7a1d3397-ca6f-4d13-9a6d-faabf63ff9d2,1,1,Friday
b0c4988a-4c14-4d96-81fe-deb0066fd715,1d61d90f-4ffd-4a30-aff9-794252fc8d05,3,3,Sunday
83c9dfa8-ef20-445b-9854-b331b425b436,fa7b2ece-6414-40bd-bf52-19ff5c4fbe05,3,2,Wednesday
1230da0c-1e9d-45d8-810b-aef5af203bc6,79584354-5e29-4114-a13d-6529911f35e7,4,8,Saturday
f3f9a2d3-b1a7-46c4-8462-05e3ab7137c3,bedd0331-17a8-44ac-b8c5-16a37414aa46,2,7,Sunday
e56a2164-774e-46d0-8919-4fed9a3eaed0,eae8a94e-8c10-482d-97b0-8c9c4e698116,5,7,Monday
f051a0c4-644a-49a9-9aab-dcc80d4785ea,f313f970-1987-478a-aefd-b52236f759fe,3,4,Thursday
e6241f5b-3228-46a7-a2ab-b10a18122482,58224a1e-263a-45c5-9f27-e7f25475face,6,9,Sunday
77f205b9-6fed-463e-b827-860dd4ee7119,fa284bc2-3787-4bc5-9c8f-04d9d5111748,5,4,Tuesday
b1acf357-ee9a-4a86-860c-5576b32ee98d,727d429e-eb53-4cac-8b87-103dcfd4dcdb,5,4,Monday
32a48b8a-5dd9-40f2-b73a-3d5098970ea6,f8354533-ed6d-4790-9072-10bf512326a3,2,1,Sunday
3ccf9183-0d85-4f58-8e90-fb9ecd9eb76b,1902b690-4b3b-4978-8dc6-e42df422d9b1,4,9,Thursday
40a16faa-129b-4a39-98d8-e359b65304ab,f1fec1e6-dc6d-471b-8031-c82d11a4be80,6,10,Friday
4f6ecbc7-2560-43c5-9473-4c405e1c6985,a281a6ed-faeb-4c11-b5ed-cae9c605d660,5,3,Saturday
5e0b6e83-ead7-4c5a-9948-d30938bfa0e8,9fc6866c-3d3a-4bd5-b3c5-254444c0c9d5,6,7,Friday
23ca298d-1b53-4773-bc41-ca3d21d46060,698f00e0-31fe-4cf5-b061-58cdbb56ca53,3,2,Sunday
93bea31b-bf0e-4fc3-82b3-0312835b1c5a,8247fe58-29bc-4289-b315-d84886f68e75,6,9,Friday
162f0eeb-3a83-4c3d-b3d6-9c360a1469dd,5a410819-6d6e-4998-b885-3c3a37bd8ef1,7,4,Sunday
444fa054-8564-4449-986b-3f2449d83050,ede3236e-23b8-4969-9eac-17efeb066b5a,6,4,Sunday
8d275742-8e8f-445a-b1ec-374b48db5860,f23ce2ab-41ee-4ec9-919d-c76fe2d8a658,1,4,Sunday
e67658d1-59cd-4c6a-8fc4-e862edbba7dd,731154b5-f4f6-450c-86af-35c08f8ccf8b,4,2,Friday
4ecdf4d0-6425-4b8f-b5ea-ac097d7b39b6,ed68b74a-e05c-487c-b331-277e7120630a,3,1,Thursday
3c709f74-075c-4e12-b2db-62b826710cc2,4ed79b8d-ebf5-41fb-bd0d-159309b6efc6,4,6,Friday
32f0fb90-4e6c-4605-9753-a1f67d0b4b7f,bc5f4b6e-22e3-4bcd-81ce-c88480dc6afd,2,2,Thursday
ec6dbe64-5619-42d1-8fc0-38d8e843715f,cff55140-a611-472b-a561-ee62546b3dc8,7,10,Wednesday
0902a2fd-6fd6-4374-bf37-acea7acbf8fc,015c060e-5d73-4482-ab77-bd614fc41b80,1,10,Sunday
6c8f5ae8-2daf-4373-ad5d-6856efc3232f,a07d7985-aedf-4360-9fd5-57fc238077f7,2,5,Wednesday
a561c3e0-c624-4bca-af59-85d97a6bd7f2,ee3f7bc9-4775-45e8-a351-89d6cdb5e20f,7,8,Wednesday
97495444-c246-4f71-be8e-88364e0f8711,7caeddce-a2a6-4ba4-a768-5c7190f023e9,7,2,Sunday
269e2765-2fea-4253-a390-9f63e131bfad,32078977-1dc8-433c-a707-95615e270ed5,7,8,Tuesday
7c251a49-c0dc-4b30-a2ba-b66dbff940df,4c2275d7-6863-43ed-bb95-eca2f94765e0,2,7,Sunday
27d7439c-f2f7-429c-8446-99109d7caba8,e576ac0c-4258-4545-a1dc-95e69b40e18c,7,6,Monday
6dfb6bf7-1a92-4a88-8d54-7a597a1f8e3e,38574899-01f3-4622-b96b-537008de1c3c,6,2,Friday
f759950d-dbcb-48ee-815c-08b57b68680a,8cdb6b52-d802-459c-b05c-65a1cf745fe3,3,10,Wednesday
00b20bbf-cbe2-456a-8421-c8af5336bcfd,8e7d80c0-6101-470b-a98b-f5261821d842,2,6,Monday
6611b4bc-2e4c-4f7c-86f5-1604d6c42d33,2682cceb-59b1-4fd8-b87e-38ebc930facb,6,10,Tuesday
3c5723f2-fdf2-4dea-bc45-dfb38f40a349,b97927f2-303a-4450-addd-4c0cc3688a8a,5,4,Thursday
78650471-546b-4e04-9c5a-ee642524e4a0,562f6187-405a-4d7a-8945-128ae5bc2dda,3,10,Sunday
bd03b40a-da5d-4892-ae2c-ef5d7ab9cc0b,f696e734-546c-4f5b-9882-8f213c3e3dc0,2,9,Friday
1d66ac55-03bb-40c4-a4bf-5185275d0dde,6c3d2737-1e64-4350-8ad9-f68e5c89bf07,1,4,Thursday
e89c14b2-59d8-41d6-8c94-401498fa99f4,92c19f66-e9b1-47d6-9941-30bb3c374da5,2,5,Sunday
3c3a8452-ab01-40a0-8add-d6f715fe1a7e,6eb58792-cd2c-43cc-8568-760e8957edeb,6,9,Sunday
71cd455f-7ce5-4399-bb37-79eb67695ad7,909d156d-692a-4120-b327-9236f9b3bb9e,3,3,Thursday
9df35539-5508-4f8a-846d-64f15eecb212,250fc6a8-e62a-46e4-955b-999287b25428,5,4,Wednesday
0ae4118a-fa38-445a-bd9d-6ef3a7b9117c,b9277ae9-4084-400c-99d2-967ada77d960,7,3,Sunday
c3827dcb-6eb0-459b-a735-db0d75898444,27160df2-8ba2-4c6a-a22b-a4cb965e7396,6,10,Tuesday
a295ddbc-5ee3-42bd-bb7e-71939011454c,8ad49e41-2707-4774-9ce5-9d6e1d23cf7d,7,10,Thursday
01b2f40a-e10c-4193-aa99-fc4b2792fd27,888f1b64-af6e-42bb-b7a8-6dafb981fba5,3,4,Sunday
a41af0b9-c019-4ab3-8f5f-f64ed5106d73,6cfafd14-d84a-4c03-9638-458a2cf1b5ba,7,6,Friday
679c2385-0f0a-434e-bb52-a878a32004a2,4be2d6d8-5de9-4fb0-bfd4-4ad1f4660b6f,6,4,Wednesday
e0a893ef-505d-4f11-98af-85951cd84012,86948d9c-50a3-4962-a25e-44c3765c0675,6,4,Thursday
1cf7bdba-630d-4e1b-b4a1-ddf9bd633e3b,e951ac90-de2b-43d1-a778-2129092a2da2,3,7,Sunday
1b4fed14-f9c0-4671-a3f7-0d15a4c665dc,c70ffc59-bf99-4445-ac5f-a6b7809512ba,6,1,Thursday
0ce89ef2-951a-49ef-a279-27e7662f412a,71a9dcbb-96d9-4943-99a5-7d629cbfc984,7,4,Thursday
de557a6e-ede8-4064-9009-059eeac30051,986259cf-57e1-43c2-ab70-44366b470dbd,5,6,Sunday
a60b96a5-5a50-4bb0-83e7-bdea67027c6d,39732873-97bf-4706-a81b-e853e17c8d03,6,6,Sunday
5943e55c-0bb4-4fc6-88fe-dd14a8b6bbd4,ef282820-8d0c-4a1b-8d9c-d77725c743d2,3,9,Saturday
9e870180-da71-483f-8ccf-dfe7f7e4f7e2,e270581c-2f6a-4401-9f84-699cfab77c27,4,9,Friday
29fb3cbd-eb6e-4593-97ea-bd2d3a6d8337,90dbc736-7b4d-4794-8fe3-323e7f1dfdce,7,1,Saturday
350b12f0-34b5-4969-ba50-62e4b74bcb72,e1947c82-682e-40a4-bb24-182fb739ac95,3,8,Friday
a489116b-3c81-4e2c-a6e2-7cfa190aee29,7a8ea124-31ad-47a9-825c-f269bdbce6f7,5,2,Monday
a5541b1a-13af-49b8-bf24-8ed6bf7f4283,e8c88e66-65e7-4190-b857-1dec10f4dce3,4,9,Tuesday
a6fb294a-5c26-4d03-b5d2-62289a04d19c,eedabb3f-5352-4034-9294-de74eb1f7e85,4,6,Sunday
65e9632b-5216-4a8b-a675-a35fb05ba4bf,372ec5bd-7b2b-430b-bcc7-4edb2166f147,7,1,Thursday
f6b73096-06c9-4061-89ea-bad472f251d8,1dca883b-8316-48b5-a778-150d2ce21a80,6,10,Friday
2643a64e-9884-4fac-ad23-173060eabb27,81c4d0aa-78d5-4c65-9703-26ed9d9b20d3,5,6,Wednesday
6efda55f-7065-4f84-b4d1-3c343959a57c,89eb0f8f-ed6e-41a2-b293-77315cf02bd8,2,6,Saturday
bf5e3682-afe2-462a-99df-b2af17b3384e,224d148c-c9b3-49cf-89cd-214bdc949d4b,2,3,Thursday
1e58c1fb-8836-415f-a221-c605d4fbd013,e51a2047-3c1a-40e4-a6e8-09716dba58f2,6,3,Sunday
46f489f2-5455-4484-ada9-51a847ea4275,db500825-ab91-4a0d-bad1-3ef708cf8f37,6,10,Saturday
98204b78-b3f4-4cd1-b1fc-b7aca2eb0b77,0abd26b2-9c3a-4197-a4bb-df290260327e,5,2,Wednesday
2a909360-45ee-4f52-92ba-c0da591621fc,302e0134-3b3e-4326-9732-78bce8daff72,7,7,Saturday
55295b54-6235-4c83-a82e-b7515c2abb0b,e95deff2-b8ae-4e5c-9321-5f46676ae3df,3,9,Thursday
d59c2657-8590-495b-8959-7e7356c6ed86,0ba16388-2827-46a8-bc13-4640444ae51e,6,1,Monday
62e83d6f-edf9-4fa0-be84-6fc5a92bac04,a04679ad-95d1-42ee-86bf-73cfb1d7fd9c,5,6,Saturday
21bc8dea-ecbc-49cf-a29a-befb8d4a77a2,f1bc87a1-ea89-4975-ba16-8523aaa6107d,3,2,Thursday
72c9a086-4beb-4a5c-a60f-5ca86868e0b8,9641d0b0-b831-4794-bba3-060a065ba188,2,1,Thursday
30227d9a-0da1-4cb6-bfd7-2a9d3e54a69a,a537487e-b126-4177-9e99-81a78cc489e2,3,6,Friday
83d74440-d1ae-423c-bd75-310c57a26efd,7d6ee9d6-1fe7-458d-b459-b69f191c8a4d,4,8,Thursday
d691faca-6d7f-4c77-9e61-a0369b5fce5d,71687c98-d496-45ea-a0b1-7931a687cc16,1,8,Tuesday
c425769d-8744-4059-b873-7c22d220359b,c7d6d1f6-a20e-4ac5-8a3c-d4dfed0c3fc2,7,8,Tuesday
4eed3867-6a66-42f2-a38e-9cad5dabc599,6041425a-b7a1-496a-bc48-97ec41eb63e4,3,3,Friday
34eed8c9-d72e-4031-bcfa-bdf62ca0cc4e,fb2065e2-5520-4945-b310-9288bcc3ea8b,7,5,Thursday
11957407-270b-4220-98a8-5c4648494efc,88e5ce9a-4fba-4d06-a4ae-7d96ae534a20,7,1,Saturday
e1024c24-ea33-4903-b4af-e55178d616b9,5c67df08-cc3e-4a9c-83ef-66ea03a367b1,6,9,Monday
83ce4e57-2386-4ded-a3f4-ec2ce062c4c2,fe071e4b-9034-435f-9eb3-c3cabf59afa8,7,5,Friday
3f1a1faf-7ea3-4842-8cea-d1c7cd667a51,c0cbf405-691c-4a43-b335-a1166f5c1d39,1,3,Monday
fe824e26-483f-4316-87e9-b5a914280628,15029c66-282d-4f5a-b6aa-0d6d686e0a4f,3,10,Wednesday
735bb43a-dbc0-4c73-b5a6-7d7c48994c26,6aeae1bc-e546-4d05-9028-aa3f349c81ee,5,9,Saturday
b6ce31ba-e07c-4fca-a1f0-84b2d1344fc9,268fa2ef-8392-4a6b-85bd-d8580923f228,7,5,Wednesday
70338712-6497-48d4-90e5-3ebab19cda30,aad67ae4-bc0c-4bd8-90b9-bee67f047814,1,3,Tuesday
423cbbe9-a959-4ecd-adad-5b4ca8564bc6,9961b1e3-f75d-4537-a8b2-d1f290d3f4e6,3,6,Thursday
8d047210-a866-4aca-938f-f14955524797,cfbc2f77-029b-4c57-9944-1380184450f2,1,9,Sunday
4510ac4b-a37b-4454-8837-38c5166d6fbd,c56ba04f-5183-412d-b6ff-8f5fe24e98f8,5,4,Thursday
257290f9-2b9b-4443-b806-df738c2b709c,5be98c54-c798-410d-a53b-d3a38b8f7c8b,1,6,Friday
61919143-50eb-46bd-a722-bc91fcca0b8d,e6555715-8540-4429-a20d-559387d111fe,7,4,Saturday
ec8b936b-601a-49b5-8b42-4694b231b544,027545b3-51e2-4841-9334-b69eac7e861d,4,3,Friday
1dd61007-f295-4d18-bf27-f97560c28ce4,6b733d05-74d6-4a54-baae-8e18cf768821,1,4,Monday
3dc1e0e5-c227-4b46-9b95-d199cd8f0e85,cd1fd13e-ea08-49b0-bb09-eb424c7e84fc,5,3,Friday
4bd986a2-609b-4d30-b27f-d35b534cb1a2,1d3ad802-aa3a-47c6-b8ea-d4e0c3f7d8d7,1,2,Wednesday
c2922a07-330c-4bc5-8886-ae54e7a764ee,ae9b3233-c1c2-4dcb-ba8e-e70f5dc9033b,7,5,Thursday
82ddcb87-1420-42a3-978a-8bf065bee9c2,11590863-f7b7-449d-9abd-18d3cf3f9dd2,3,4,Thursday
15f27bd6-35b2-4911-a9dd-28c6c531531d,2aee3285-4a94-4759-86f4-548ce5f44c57,5,10,Friday
0b94a988-1d8a-420d-99a0-3b9ad336ed5d,5e8d49a0-fc45-48ea-b023-33a5eeb96a28,1,1,Friday
e590b42a-38d0-4618-aee9-f9f7e16d37fe,2dcfd08a-79d1-48ae-b75a-a157585a90e1,5,4,Tuesday
f199d173-e350-4ef4-8885-3d1e5799486e,16a2bc94-0be1-40bc-946e-0e5a49f27651,5,10,Sunday
e6461a05-e1bb-42f7-ba6d-3531f7c01ad9,691f5449-7f04-45c3-9cf5-1b8d69dcbe4c,4,8,Tuesday
3a0f7b3b-f8db-40c0-8c78-d31e7210d0b1,6c06a60e-549e-47f9-91fa-94a0551d815b,5,8,Tuesday
2f88307f-09aa-4398-9382-455e7277c3b5,b94b4529-1ab8-4031-aed8-a816cb5897ce,6,10,Wednesday
ae1140b6-b738-412e-b40b-abaf1e54dcb4,faafcd5d-e4c7-4d59-bbe4-23134975bec2,4,3,Sunday
45ac3126-d682-439b-ba3e-d5252764fa5b,5b3a1773-e264-4e42-986d-9b49f90016df,3,2,Sunday
0dbddc17-6f2b-44db-9d58-9df99ecebef8,4327f20c-d66d-4f27-b299-d07c47a91683,6,2,Sunday
a78b49f8-f702-45af-94bb-19a13d3c530c,4d3f63a9-8ff0-4fb5-a74c-5f11a7c4012b,4,7,Tuesday
e1cf2849-4413-40a9-a3fa-c167a5fd36dc,34a174fb-b8ed-4bab-abc4-283c429d8514,7,1,Monday
7816fdcf-b03b-4839-be3f-b064c75b71a2,574a5827-d095-4487-a6e5-905d4e31c81b,6,6,Friday
66982cbd-44da-44e2-a5fa-6fe0cf4202a6,ebc747c9-fd08-4939-a2c0-a5036e3e12e8,1,2,Tuesday
ede4f8f2-5594-40ec-9e02-cc8d12efbf6a,83891380-aa49-4c78-8c9d-71bf90f08b99,2,2,Thursday
0fa6fe99-0f5f-4195-9065-81c19d0730bf,3c6a3186-473c-405d-9973-f8578d9abd36,3,10,Wednesday
c4b64dc5-0c8e-4877-b15f-bce9a3e13e27,b551a3e4-d715-4336-881a-9c06a37a3888,7,6,Sunday
b9a96040-bfc9-4302-85fb-28b0e46ca582,ce6726bb-14fb-4981-96d0-3dbf9f485723,2,1,Sunday
b07c160e-f81f-4281-9d16-7c78910a01fe,b59f09aa-2921-41dd-8b1b-3285875a9483,5,2,Friday
13d4b95d-7759-4a39-bddf-1b603f1596e6,711c8039-ec35-4fd2-8262-b5f024f950f2,4,1,Saturday
e6ce81fb-9027-464c-8f23-22b4e1ba1bec,33d42278-3917-4d8e-a837-31ac3ab2292e,1,5,Monday
78ecce7f-35f0-467b-85a2-25a90de54147,1e7ae559-f20f-4d4b-91e1-c0988e551843,3,1,Saturday
abaea484-f761-4507-ae90-100f05066e2c,ef2e0f41-a6cc-4bd8-9adb-5531cd4b9ca4,1,4,Monday
3c3c92d5-4e11-4711-afbc-5551a096ed4d,e18f642a-0efa-4bed-86c3-523c324c2343,3,8,Friday
3d62c2d3-51dc-4e93-9d15-502cb97832a2,638ba2d5-e6d0-4cd6-915e-215e4c0d3df6,3,6,Friday
3248d67b-1573-4008-b9a5-90c7af83dd04,73e41d81-7502-4f83-8385-58147477e992,4,4,Saturday
2672ae5d-5dbd-4129-b44e-f7a472723b41,da86e2ac-2098-482d-91ab-e8e44bbcab12,6,1,Monday
d57bc263-d0e8-4c12-bd64-0d899f7a59c2,3192b6b5-d2b6-499c-87fc-fd319680ebbf,4,6,Thursday
cf1d2f16-b71d-4f26-b31a-a3cdc6f5f30d,c7a965bc-b61e-4872-a258-2da9ff526e48,6,7,Friday
08ae5f16-ab2e-4399-bff1-a36721771aae,4db1e05b-360b-49a1-92a8-f6b7d673a088,1,5,Sunday
c3903625-09fe-48c4-84c1-4bcefdd2fa95,60b97f66-0c13-4b31-aabb-171eb0bbb6b9,6,5,Wednesday
3b14435d-2beb-44fd-8898-775b631d40b8,31a45e85-d694-4a2e-bf60-3b563e64a74d,3,9,Wednesday
10c7e03f-e6e7-4b89-8cca-b4c3c315328e,e0bec875-f70a-4728-bd79-aee3cd891433,7,2,Saturday
000910ae-a0e7-4b12-a419-325dca1f22c5,79b4002d-7392-4f6b-998b-e1a35bfad261,7,8,Tuesday
8c342058-8bb7-4172-83a7-39a8e9957fad,fb5bdeeb-73d3-4e9c-bc2a-4bf522100837,7,5,Tuesday
8a05c265-0253-4690-ae9a-6daa049a43f0,bb73a20d-de34-487c-bd34-03306119ccd7,6,9,Friday
fd71abc0-ae07-4066-925d-d455765135dd,8353c95c-ae90-42a9-97d9-a83f48d4557a,4,9,Wednesday
265b565e-4c43-4641-b4ab-97f616a0b3b5,1ed22672-e50b-48cc-acfc-4341ab4e2c7b,7,2,Sunday
9fe06cd2-c6cb-4557-8cb9-f3763cc5d240,f972d0e8-300d-4050-97a4-6ccabe7195ff,6,8,Saturday
19cb595e-acd7-4fb0-bb26-7115d7654749,1548e0f6-d485-4bfc-93e3-67f54bc9cae3,4,1,Thursday
7997605f-05d1-41b1-a072-d705acd65a1f,7a18d690-5ad0-4fa9-9b35-f5fe60f3f279,6,2,Tuesday
0d44d8c1-14c2-4dd2-8fcf-2ae0e08b2625,53e20e1d-6f82-4028-a9e1-c6a1255bf2f1,3,3,Tuesday
ec5fa5c2-3dd3-4f0f-b254-b67798d13f13,27cd2042-da45-410e-bf3b-2ed6e8780e91,5,2,Sunday
f0cb9bcf-5551-4f61-85e3-9e102a93eee2,a227f9f0-0153-4f7a-b6f0-af168fb4b5b3,7,10,Friday
4584cb20-e3b9-4d70-a7d7-660da116670d,c96137dc-c6a6-4f1d-ab95-961e427339e3,5,9,Wednesday
a7589ad3-d479-4f86-8e00-013fd2300fe2,73ffcacf-de1b-4b05-bc32-84a9641787f2,1,7,Friday
d7b28d4c-2b5d-41be-b732-f46bd0863cdb,9fa7096a-3d4c-4db6-8b04-4a80032bca83,7,5,Thursday
8604c62e-79d4-4969-931c-54e686be2cad,39c8ca91-1236-4e44-a8af-e61e62eae5a2,7,8,Monday
903d827e-115a-4e7d-93c2-1bd37ede112d,33826858-0662-4985-ac0e-8a8ec93c66fd,2,10,Friday
56e40849-180b-4a23-9d81-f2f3af6d243f,36320335-9067-4efe-9aae-ed5dc6050969,7,9,Thursday
3afcd277-af7c-4c7f-b029-2d8df93f6c92,1f59c3bd-7065-47a7-8466-74de39c560d6,7,1,Thursday
22d2220e-25da-41e0-8b06-c137378528af,8ad44d13-487d-4f75-a3b3-0b4e01d182b1,2,2,Saturday
08541604-005e-4a5f-8a4a-7937a86c2891,eaafa147-0ae5-48d6-bf0c-776a66f818da,3,8,Wednesday
3ba8e84c-169e-4f54-b80a-197a783681a1,cd703978-adc4-4d00-8763-4a72ad21ac05,3,4,Saturday
b451bad4-4835-4d51-acc8-61fb5e3c9ac9,50f03ba6-3c9b-4d52-8905-be2593c25dca,7,5,Thursday
d8db67c4-ea2b-43fd-b9f7-5fbb3faae538,e92ef610-0f73-46e2-89bc-5398c01ae574,3,9,Sunday
d5e85eac-a54f-494e-b071-65f7141e7dce,28c719a3-0503-4ccd-9eb8-645d30ddd98a,1,7,Wednesday
8c46c487-5fe8-4610-8e16-4e4ea6002ce3,9aa7e30b-d52a-4c92-89ee-b21b8c8b6e8a,3,3,Friday
2585772b-1ec4-4fc3-ba55-9aa5aceacd3c,2208abe4-aedb-47c8-b5b6-2f7406bd6401,3,6,Tuesday
eb697d86-87ea-4d2b-9d02-c764f888c733,166a14f6-61bd-4766-b7b7-5e2400bc3bfd,1,7,Wednesday
19afc4c8-ba38-4cba-ae0e-7c77acbd24e8,c5e1c2bb-1f48-4bc6-bbf4-1d364f8f5e37,4,1,Thursday
a3201b25-38bf-4f1b-aa84-046e7eaa98d0,ff1af980-510d-4475-aa6b-6233dc4cebd0,7,10,Wednesday
1419e90d-24f2-44af-ad06-72158857ea5e,f1b79f7f-b94d-48bb-9a7e-04c024677b4d,1,7,Thursday
306a96f3-fcfe-4375-8457-207719b950ea,c3fd75b5-3af0-481f-8c0e-a62a95a715be,4,10,Saturday
c7028144-6aac-4f81-b1cd-2a5164fc5f14,7a6930f4-351a-4800-89fc-d368b8dc2881,1,8,Tuesday
c3a785b4-e5c2-4f2c-9f7e-d3b85d9f6919,ebb2021a-9ab9-49cb-a1e7-6e0793c12d7f,6,2,Friday
f0f78ab6-c687-4198-920e-64549e558e4d,e4c6f47a-07ae-4f0b-b6b0-ce248eb50bd7,5,7,Saturday
d1f63834-438b-49f6-a9b5-fa0c5a15f3a4,425068fe-f06b-4831-8054-5a80c5c358bc,5,9,Sunday
a329acbd-f348-4028-9536-0b1e8c32e4f8,ec02fb23-aa34-4c40-aaca-1ab8515fcabf,6,4,Wednesday
38c35549-da26-483c-a3ec-68960b3e36f2,96eee1ff-7d0f-4d68-9cec-180f54628986,6,6,Tuesday
1a6c09af-ee45-4539-92f5-396985c956fa,81eab471-d97d-4b7a-8715-7bbb3301635e,5,10,Tuesday
9b35fce9-70ee-4749-8960-8bdf36b66b48,96a04379-a3bb-4068-b85b-e7a84011426f,4,9,Thursday
8a5384e0-5870-420f-825e-f9146c9f4fe0,f46fa19d-854f-4adf-ad5f-b249743585aa,5,2,Monday
79e09531-667a-4afa-bb6d-0233fba7f7cf,5e00ff69-1db0-47c5-92bf-654cb9588660,7,4,Sunday
ae07a549-949c-4fe2-b0ae-84deb84736d6,55857997-0ea8-4a1b-9d4d-65299dfdbc12,7,3,Sunday
29ff913a-b67a-4cfe-abcb-bbfe131f7b83,fe2d7932-7fb1-43e7-a9aa-abf03eb5bead,3,2,Thursday
f42d4c9e-aa53-4241-92d4-45f88c69b98a,aa29f0f3-ccea-4737-a7d3-a8502b765d33,3,3,Sunday
ab9869f6-e810-4593-9f4c-22d960fd269b,f18bfd27-be8c-492a-b2a5-7ff4531db8a6,1,9,Sunday
c10568c2-70af-4310-843e-a92a3a404fc5,8b460052-83e6-440b-9663-1f389f7840d4,5,7,Tuesday
1f905b23-b6aa-4edb-8e28-e755466d7f2a,fecf8afa-2161-4b53-9d3c-c57063070d07,7,8,Thursday
e8ff9a77-a483-44df-b9c7-f7a1bc1a9878,292df307-0aa1-491f-90e6-b1e5cb95bf15,4,10,Monday
a5c7e415-8d4b-42cc-aaac-d5ae045d6df0,780ba807-c410-4736-a61e-2f20d48b155c,3,4,Wednesday
bcea9357-0789-4640-a07d-67f23d6f8f7f,e069a850-1104-4b92-ad3b-a3079b7574ae,2,6,Thursday
131b7043-a7c7-49d1-a4e2-9beabdcfc7c7,1a9b465a-835a-431e-b956-a31022f5e94e,3,2,Monday
860cb888-4269-4507-be62-deba6d649b61,74e85ff3-15f8-46d6-a6dc-24f7224813ae,1,10,Thursday
48fcc4d0-6de3-4f94-b07b-ece69d1c1145,e6e6be41-a79e-4ac1-a0ae-fc588034da7a,2,3,Wednesday
9642ef19-1d74-472d-945b-9e1bf040f50d,1f375001-0a27-4108-8626-61758e63903c,5,7,Sunday
fcb7ea03-3c7a-4972-a0a4-f09cd0829f66,73a6a79a-7b75-49f0-8cbe-d29a9b324a51,2,3,Wednesday
909adfe5-763c-4457-a2ee-29f59f4c1af4,b84efb2c-c5fb-4a02-9dbe-74ee614d3b53,1,10,Friday
f424bc0e-f176-4786-8137-d4839f0b82e6,c5936694-1ed5-488a-bd1c-ed7fa7bbd0cf,2,2,Wednesday
e28a8697-98c9-492d-92eb-eb5a2773f256,83a5ef84-8ba4-4260-a08d-8b6cce2ef1a6,1,7,Sunday
7bdfbc33-ed04-4d20-8375-6b4d667438e5,4844a256-03bf-4133-a056-a85d5473adb8,2,1,Monday
73e796f4-84f9-49b6-8df9-ae71a456f5bb,d56a3417-56db-450d-85a3-47be384f2efc,7,10,Saturday
c0987c17-8e61-4382-b222-7ffae9e0766f,2dd51e33-dae9-4575-9074-966fb8c9b44c,7,3,Wednesday
b83f49f7-f0a5-44a2-9ea7-a12835723f11,36362e2d-ca51-4ef8-88bd-960e5eacc9c7,3,6,Monday
c3d882a0-53c5-4a3c-a2de-d42b1070f32d,ba4b98fb-418e-451a-8c7d-579b6e47d7fb,2,2,Saturday
1537bbba-863e-4b35-ac28-7c96136c8914,9e542bd7-1d7c-4900-8c62-c2d0c11f035f,4,7,Thursday
2c21adc6-35e7-4b21-a17f-3dfe522421e5,57254d93-936b-4352-87fa-22ce0cd1c896,2,6,Saturday
fbe17785-ff62-4111-b2e9-fc3246bb383e,aad57d34-ae1a-4cc2-a68b-3ab8d9c6e3c5,3,1,Thursday
178b0100-7f54-4f55-81fc-c2dff659a35d,8c4e9347-799e-4260-8f98-990e6636f424,4,1,Friday
300729e8-2332-44b4-9e89-be559bc7ff3f,5a82197c-94c7-4821-b23d-3aeb1e50fa0a,4,1,Sunday
2fff314a-d5ac-4c99-a709-8cb4b18ab1ac,a6a6de14-8a52-4704-8742-80675b1cb20e,3,9,Monday
7dc3cc76-6b1d-4d94-9bcd-3938afa47a93,3a32cb94-18bb-481a-a698-4b6d2e8d00b2,5,4,Wednesday
5254a64c-d8a9-4e72-9fce-909525028ab1,d02a10d6-84fd-4b27-b256-631ae2032f0b,6,9,Saturday
d8b7c8c6-bbcc-48b7-a7b1-baf3f5090c75,6d72ab5c-462c-4b4f-b9d0-15f9b6f35e37,7,1,Monday
26b5397f-9085-4ed3-8057-501b6b8ee1e8,7d616354-d176-499d-a13a-8b9b4ba674d5,1,7,Thursday
36052e05-ad90-42b7-8b4e-5ffbeeca34d5,ed3efc5b-2180-4233-81d3-875db974d250,7,6,Tuesday
474eb1ad-2e05-4ce4-85ec-8586c79c26d5,2f346255-3e11-45d7-a20d-b829800fed11,6,4,Thursday
b05c550b-708e-4ca4-a541-99c922a0e3d9,26ac407f-32cc-46a7-bf5d-6b03b0ee0fea,6,9,Tuesday
96e1aea8-34aa-4f68-826d-05418dd007d1,9f5754d7-185a-4bf9-8383-02552330bdb2,3,1,Sunday
583f0fcd-c227-4be0-bc1e-0ba1e900ef24,db609fde-1fd6-4488-8477-0170ae3f21d7,2,3,Thursday
39189e0b-ce15-4a5c-ac6f-13d602bf6445,581838e0-bdfc-459a-8c01-aa4f7d2514cf,7,1,Monday
d73b9657-7259-438c-a61e-df549bc5269c,03bee3d1-9de1-43e0-a0ae-4bb6d1638a42,6,10,Sunday
3e6f460d-ba9b-4629-a00c-d33ca04f4bc0,4fd1be4a-f169-4808-8ba9-04b68f159c47,5,8,Sunday
d6c23018-de18-4c74-a0a9-d846eb20f06b,58a8fb04-ae65-46ab-8ae3-610057819909,1,1,Monday
b7381f58-e17e-4ef2-afd5-61ee532d58fd,e1a0762b-bf15-4ced-8cb8-94538b248374,3,9,Tuesday
741aded5-36a1-478e-968c-29be617c9ad5,fbbae72e-377d-4c00-8700-56a5462f81d2,4,8,Tuesday
2c48f3da-d6c2-4b32-b45f-6cede9f14520,97499d26-b672-488d-923e-74e2b52798a4,7,3,Tuesday
c19fcce2-3dad-46db-bf18-a7925a3598dc,3b7eccce-53f0-4c2b-aec3-957a5a1ab5e4,7,7,Saturday
7d77d4cc-9b70-4df1-a704-149d87861fc0,cdb2e204-250c-4063-bba2-ed2e9d61f4eb,1,7,Wednesday
96d795cf-fb91-4634-985e-bb9a9aa01a03,3821f036-aab6-44d3-a485-1ec811994b45,3,6,Sunday
9a4bc33a-d8a5-4a0e-be04-558bf3bed4a1,9c3336b5-8d3a-4d23-bdef-19c39b532b07,1,9,Wednesday
f2c62827-05a2-4e43-861d-42f21ae2f990,299a3237-deba-4538-97e2-07ed0da2f7c4,6,3,Wednesday
165ef559-7669-43bf-bf3e-5637a7b0fcda,abebfee1-a89a-408b-9e33-4f818e52544a,3,5,Wednesday
de15a7ed-d66f-4623-b2e7-e9f21b0dff8b,0d02a9f3-c448-42d2-95fe-625a8175e8a3,6,1,Sunday
6e9159d9-cd72-4ac9-baba-2849a8d6735c,703513b9-8560-4e3f-8f77-8db25232f1bc,7,5,Sunday
ded2c4ae-bc97-439a-b96d-2b69668286a9,06b7d9d2-174a-4a07-b7f0-3abc8605f873,1,4,Sunday
adca9f30-55a6-4fc5-b8ea-994da3cd573c,812f4280-2427-4a85-8b36-12bc63d553bd,5,7,Wednesday
369e4f18-f0f3-44fb-955f-01ca8933b2f9,03513e35-4cf6-4f55-8579-d20dd631bfb3,7,7,Friday
2a46432f-a98c-4f95-91b9-fc44ee39692a,1b5483f6-9d04-4198-a2d9-62e8a381e6fd,1,6,Thursday
6489e1eb-9dab-4f39-bacb-1d4ce43502f9,5b334694-d439-4d07-bfe3-776033af79d3,2,8,Friday
c54916dc-e465-4ed1-ae33-2b26675a8ede,3b84efdf-6b2a-42aa-816b-36a81b82c6cb,3,1,Tuesday
60938338-cb3e-43d9-bff7-453ff1f0db51,3af49236-8a0a-4249-b838-d96f4e1616ee,7,3,Thursday
11268bed-df81-4d0b-96db-63be18b5d537,2c884e20-cc72-49c6-8c5b-76ee20287bdb,6,2,Tuesday
d84182fc-1438-459d-83aa-7fb9b6377951,2c9bd31b-a5af-4ba8-b112-75899ae7030e,5,10,Monday
2a445e13-39db-4352-b8c9-98b53710e646,88019e4e-a31b-4979-b9ee-052779ae4c11,1,10,Saturday
7cc2eaf0-7823-44b6-9b56-469033cda948,4741d4ef-c48d-4373-80c8-866f17dfd9bd,3,2,Saturday
c712ad2c-b56d-4da2-8cfc-bbb13b171e6a,da7f44aa-7df3-48da-946a-0ce63b6ea0d5,7,8,Sunday
e3072741-45d7-4f23-9583-64f9fb92e415,aa5b6a50-c3b4-4295-b4b7-38015f1281be,6,1,Tuesday
7aee928b-1f31-40ba-a6db-7d92ba04ea0d,c7ecc701-19a7-40ec-a902-36a8bcb264dc,2,8,Tuesday
4738d8e7-b999-4fde-9fd9-c1eaef950040,7bc774dc-da88-41fd-a954-8dbab69dc671,5,8,Friday
d2dd78fc-e93b-4f4f-a445-6d09c5e226b3,b2543f78-9542-45e7-9939-7fe03ffed20d,2,4,Saturday
72f18963-0f55-4d05-8749-28bf05ba0995,f0081548-af92-4baf-87f3-55ad049473e3,3,3,Friday
25b63989-a628-480e-b6d8-de25906705ba,9ecf699a-bc45-40c4-9868-d5007c44dcde,2,10,Saturday
c60cbdc4-5ade-4edf-abad-503f40bc7d1b,f6b47662-9c2b-44c0-b8aa-b2f001ad0e50,1,1,Friday
d5cd7cbf-2f70-4965-9f43-c5ccd9e673ad,90361a1f-1264-4c5c-bb94-44fecefff929,5,4,Saturday
64165e1c-3535-45eb-8206-22bab6af9679,66416e91-1a04-4d09-81cc-d826856341a2,6,4,Wednesday
f81b067c-ea79-4bec-b911-c2d7274a6356,e839945d-080f-4f1d-99c5-35d1ced99c8f,3,1,Thursday
a949342a-0ce5-446f-91fd-c14502826709,6e9f6a8c-397f-4c16-8cbe-6c42e0b2541f,5,4,Friday
4ee2e34b-a054-4f4b-90da-b974454b57f8,bc96d327-0acf-458f-a55e-e33bbb903c5a,7,7,Tuesday
c98e7f44-7467-454c-82a0-84ab458da47a,2db14933-9a07-49b8-88d5-ade4526c9c2b,1,4,Sunday
804c3051-3787-4869-bfca-62e7752688df,3d1707b1-b1d2-41ad-b5ce-149f435002ef,2,1,Friday
09fea148-e22f-4857-b9a2-81cb55294f68,6e72372e-2a06-4a74-87e3-2b76770a5566,1,4,Wednesday
5334eee2-5469-418e-8a86-1f10770b01f5,a7016670-9f1c-434f-8039-24f04f8faa66,1,4,Friday
3afd5639-a61d-4f91-8f00-c79ba98b74b9,f5dbaf95-6315-4f7c-9227-1d05af9548e4,3,1,Saturday
3c52c1fe-54b1-45c9-8c32-bed04a5d74df,823dcb58-0f43-429c-a467-6ed77f871b23,5,7,Wednesday
d2dae5b0-bf0f-49bd-8297-1a124ea1b159,c5a1b4f2-0aa5-4f52-82c0-0879de4f0dbf,7,6,Sunday
a51f7a1b-52f6-4da2-bc91-0562c727e247,9560525e-154d-4dc4-9803-de1f800c9fb0,1,10,Saturday
a042b7ae-8bc3-4a2b-91c7-b895bd545245,b52a3712-020f-4130-8e20-85cde86efcd5,6,6,Tuesday
25f2f159-7828-4ec6-b202-e58af4d8d0a2,09b594c2-e28d-4452-9069-1e2436d9fc9c,2,8,Saturday
5d2e6d26-8ec2-45a3-9a55-3a88351da23d,333c1129-d29b-4a47-a8b1-859b5af3b31e,6,7,Monday
b30f705c-9383-499e-bae1-274e1b22289e,b1437444-b72f-484b-a62a-006cce241b71,1,3,Saturday
fb55e12b-f1c1-4165-9433-e6ce9ee4dfa1,4b02befe-3816-42a0-914d-360916ba4821,4,1,Tuesday
2b6e04a8-26cc-4667-a316-ff666acaa58c,bff6cf91-2562-415d-a457-179d3282f2ba,4,6,Wednesday
eaa238f5-5d1e-4316-b207-c1703f318e64,c2d58285-8f72-4e7e-8596-6ac90031a81d,4,6,Wednesday
4b0c2887-b12b-43a3-ac85-006e65a6ed67,ee8ce4b4-07f3-440c-a9d7-d1125674dfe6,7,2,Friday
1d9c1512-dcf8-48a3-8fd8-f44384444605,c3940718-2178-4928-91bc-d4b640ef553f,7,5,Sunday
151809df-0683-49b6-9187-6e9e5d752377,e7d64609-0c41-4f1f-8c9a-b7da33d45379,5,4,Friday
f43ead10-5b4c-42b2-ba52-8ddf582d54ba,e5a5af86-e353-48c1-ab88-0814bf749d07,2,1,Saturday
cfbed994-31bc-44f2-a491-61d4c30ef8df,3402f381-8394-4851-8e58-1d6634a9d867,2,5,Monday
a1c9c1e7-865a-4c4c-a479-c31553aefb12,786332dd-8387-487d-b821-c03c3d2a6ebd,6,8,Tuesday
71271b99-9938-4417-b2e0-1ba2648757a1,6304e98c-ca06-486d-ba3e-e259532b584b,3,9,Tuesday
d444fd97-d4c1-41d2-a911-b90a91af83af,2ef150f0-78ff-41fc-be0c-4672fc44eabd,3,6,Saturday
a05efddc-0603-488f-84d4-c4220c152f36,78d897e1-15db-485b-94d6-db27e33ebea2,5,7,Sunday
a1cd0273-d0ff-40f6-b41e-7446095b2372,cf2ba810-4ab7-4ad6-9224-67bf79917bee,4,1,Sunday
b73cb7e6-1ff0-48e4-9bf7-d8339c222897,a84b8399-ff29-4382-a241-ebc9e7a6acf2,6,3,Wednesday
a6906cd9-1bb2-4159-a06d-f61da718e124,ab6357ca-3f97-4f19-a425-f0bb7933cd5a,3,7,Friday
02bea617-9d07-4b50-ac8d-6af9a427aea4,afa3e720-32a9-44c9-9d09-c917b44e250f,3,10,Saturday
7011d998-8667-4ac6-bf4a-da5a45b1d33a,6184e2dc-1d0c-4111-a71b-884f938283a5,1,4,Thursday
4da42068-578e-4b18-b0af-140adcac7681,9832855b-e7e9-47de-8b94-3165ac7110e2,4,8,Wednesday
b6d2c3c7-7c35-49c6-a60b-b69c3323438d,581e4fbc-a88e-4da9-b851-2945b3a35207,1,10,Tuesday
0cd5c9bb-5d2b-4216-8af4-ebe6bb661d45,27574e82-daa5-4dbd-8288-83c15ff0b072,2,4,Thursday
67a8bced-23b7-4c79-bed5-7c833c42496c,0f536b9f-b00d-47d0-9235-04e36730df3a,3,7,Sunday
51bba6f9-5dca-42b6-86e9-091168e30a62,779c8be8-7149-49bd-a531-0876f6805eee,7,4,Friday
ecf3eb79-2afd-419c-9328-b756c79d81d5,6ff0a3e1-18da-45b0-9a33-9bff1a45ee09,4,8,Saturday
14dfb86a-c346-41b0-b73d-c06862e9c6aa,4a9a254f-01b3-41a7-bae3-e3436f5e33fc,1,4,Friday
c8fc9834-53ae-4e75-a895-be4eb129a9d6,6b0f36f7-63ca-4ec2-8c38-b17a376a0ebf,6,7,Saturday
341ffea3-1a25-4c8c-b90a-159bf91dbf0e,b3cf43d3-8460-4906-97e5-61c8a5726dd6,6,1,Wednesday
dd3f48c3-ff4c-4e93-b40d-529a504dce48,825502c2-ad17-42b4-8a50-45f92f517edd,5,9,Monday
3ec0db07-4931-4d4f-b7a5-6daae9ada1c4,23549e8e-e2c3-468e-a96e-81507bf15173,7,3,Saturday
020895fc-46b6-4faa-b287-aa453992948c,9fa17c18-9f51-4bdd-a3ae-79e52a45bfd1,2,6,Sunday
62b58202-60d5-40e2-a937-4595037e4d8a,af238811-52d5-4651-b5c6-aac39e8a50f2,6,6,Monday
4f371d71-11e1-4fb4-a684-2dff28a7644f,8d3b6231-e34c-4fa5-ad49-a27970909d50,3,10,Friday
75c44a6f-6dd2-4419-a0be-e4799794bdce,c8d2e5e2-4663-449c-ac3f-0af5fcee8c2f,5,6,Tuesday
4d0454f8-6ab8-4b53-ac16-1587b79c4145,e0c98088-9838-41ab-9542-7360008c5d88,5,9,Thursday
ba284f5a-0d79-4a48-b492-95394bbf2198,9e7eb477-189f-4c48-8e3a-a7d43f2ec6ad,6,8,Thursday
1a0b93e4-a364-423d-a167-3344a4d38395,405632ff-c3bc-454a-afba-f89654f44d7c,2,3,Wednesday
c6461640-cb03-4768-90ad-342b5e77d481,9ed360e9-eca5-489f-8c02-c2f93bacf97b,5,6,Tuesday
000aeb5a-6e75-4dfc-ae2e-e2770ba2c648,f92adf74-50b5-47b6-93a8-b76bfb541131,1,4,Saturday
03e183b6-5786-4bc9-807d-9bdcf112a29d,e16290f5-8813-4e8c-8cf3-ad1442e85619,7,10,Tuesday
b770d196-1d56-4ad1-8826-418bcc0ac624,2ad1091d-de23-4366-943f-c2403c6b2d43,2,5,Saturday
6c53663d-a991-4ee1-9e53-fbf993c05abb,d53e9539-82b4-4da5-9be3-1dbfbcd18fb9,2,8,Saturday
adad03f1-a38e-457f-b95b-1452539e36a1,697bd9fa-a600-46c2-8e38-4e7da809631f,1,6,Wednesday
234c94d3-894d-4f5d-975d-96b6c417ee27,650a7f64-fdc0-4ae8-b719-218ef00aa4ac,5,4,Sunday
47905df6-89ae-4020-9a81-674ebfbd6164,091b94bb-afd5-4ee7-bd00-86e571d0a21a,2,9,Monday
3361f65c-529a-4d6f-9742-74d691695769,097bb5d5-57a6-43d4-9452-49309cc9e0c6,7,3,Tuesday
ba0e58bd-f001-47de-96d2-693ad0a75068,bc8f2cc3-db25-44d9-96b8-8c933b9e05b7,1,1,Saturday
6360ac8b-6e86-4a12-95ca-29a55079492f,f8e1d468-e618-4c01-93ff-4ac155fa7396,2,4,Friday
d8a94ade-1572-4b56-bc3a-ffa26f5c2a50,7a0bdcc8-99be-48de-bced-028c573494b4,1,2,Thursday
4ce1cd65-62fc-4412-9109-f86e0c2bcb15,a417b4e0-c6e1-41e3-871d-46c44edd311a,6,6,Tuesday
f79022d6-e30c-490c-a5c3-da032cd82ba3,d34e19f4-e032-4aa8-8963-2d4ee3b988df,4,4,Saturday
7f7f80fa-ee7c-4760-beff-d8d2ec12163c,cac97284-a673-4793-9a82-32b0d984737b,6,3,Friday
896e2f92-1d56-4c9d-829b-750d4c704af5,4c75c8fe-acd5-48c1-bc0d-c0cebe2966c5,4,5,Friday
a53c5d0b-2b3c-4d82-b38b-aae91ef9ae65,0d9b06a7-8b66-4fbb-97ac-0ec555f0352a,6,3,Wednesday
fa3e5b57-9e18-4e36-83f2-695aa2002997,dac2a500-3d10-45f3-ac76-308f47d933d6,3,1,Wednesday
227ae660-c274-4cc4-85b8-ab9d05f7d48b,dc4b7858-8790-43fd-b3e1-50a13805471f,5,4,Monday
a5ac992c-a8fd-4b8b-b709-311436375734,30cd4204-3770-49a4-adff-243db7c7f470,1,7,Wednesday
2c7424e7-3d9f-45bc-a728-4a43a4e3f6cb,968526cc-ec6c-4d99-a367-39086a3cf752,2,10,Wednesday
6886bd32-2369-4280-a03c-cf78006abd0f,aee99a07-5a19-4845-ba3d-fe35d94ceeb7,5,10,Tuesday
d8fc82d4-6de2-41b2-844c-faa3fd47f9eb,1c1c36a9-dd77-4c5c-895d-bef829369965,1,3,Wednesday
3ebef9f1-6ce1-4940-b5fa-00bff62fbcf0,4ecb662b-a7be-4ce6-93f2-af2ca5b00b49,1,8,Friday
330d8d68-155b-4dac-88ed-8d0d32598294,e96f1a37-0aac-4308-a604-704af65f5a03,6,1,Saturday
2cf923b3-8320-4440-a86b-7ce60a7f147b,a7e911af-55e2-4dc7-9506-b697f7c57d32,7,3,Friday
4d76ecc4-d66a-44c2-a22d-13d516b5df21,7436d482-f2a8-411e-a4b5-cdaa50e1a760,7,7,Wednesday
abb08a4a-346e-4b30-9ff6-f05fbbc24fe6,6f62ffab-b21c-49c5-8ff0-4545ff16199c,6,1,Saturday
7cca0cea-fc46-4bbb-9847-ed23c5a58354,05416e9a-2547-4305-ae53-d19a1709c10c,7,7,Thursday
4b44d71a-3087-4cc0-a903-30c0b3435a83,e1aa596c-dea2-451c-9dcf-80c1a7ed25ed,2,8,Tuesday
db39c3ed-02ff-4871-94d3-91d7c982ed68,d21c070d-3081-4dca-9fa6-99542a38b44d,7,9,Tuesday
e418e698-da3c-4a2c-b14c-e0c36915395e,f31870e8-4344-490a-8ceb-45283ac311fa,3,5,Tuesday
5ad5a725-6a19-42ad-afe2-9ae18f0afbb1,539b2511-2366-4af0-a96e-84350bf8ad27,4,1,Monday
8ad0387b-2ac7-481e-b6c9-1dd67c937640,49254316-28af-4ad2-bbc2-d6b0cd046b0e,4,3,Saturday
67972a7b-371e-4e6c-87f5-d0cd0ccd3ebd,4964b15d-8b01-478b-b532-44a8ae90c460,7,2,Wednesday
67cab20b-621f-4f24-8b76-a4ef149c820f,a2c232d9-46ba-4ed0-80c3-92a968c0dd35,6,10,Sunday
d302e687-4348-4027-b05a-14e18914530f,40864326-adbc-4472-89fe-6baa3108c21b,2,3,Wednesday
7cb16662-ded9-48c6-9e96-f0e9a6210500,e479b53c-fcb9-42cb-a684-30698e1c09a8,7,4,Wednesday
674c5e46-4e35-4cfb-9b09-4d2c710b8e65,61d10a92-4f3e-466c-9301-cc44b1430c59,3,6,Wednesday
217ee8a9-51ec-4217-9baf-1666c45d4c97,93f6cc49-d052-4176-ab66-53508c0ea20b,7,10,Tuesday
4aef3d7c-0a82-4361-8b55-4151ed7e8283,9552aac6-b58f-44a0-bf33-c96d83ce7136,6,2,Saturday
c2bd7ac0-3a8c-4612-9408-fe4689f91d93,33314d5e-40a5-4775-be8d-6a049f35789e,2,8,Saturday
b0eaa535-269c-47a2-9963-af9502783641,9b285edc-2a92-4540-a5be-3adc360c05b2,1,1,Wednesday
005baba5-f7c7-4323-ab44-7dd22dbfce9c,299fd481-e7a5-47af-9056-caf24c112cbc,7,1,Sunday
06790b09-284b-4da9-85a5-493c36914a44,f27b99a5-c8da-479c-b7b4-bd599b53b2cc,6,5,Monday
021c5471-4f6c-4b82-a06f-d80b91349865,f432251f-6e28-4e65-8938-585f3db62b90,2,2,Thursday
b27f0fcc-465e-488b-beb5-ea4c0c470329,77015917-6370-4568-929b-693ae04c9e8e,4,7,Friday
73615d11-6717-4209-8e35-91640e2b943d,99c3e09a-0ddc-4b25-90c8-3712ac869c32,5,6,Wednesday
7e49cc31-b8cb-45b4-a031-08612ac85385,9de365d3-f397-4473-a1dc-be5d514cb3ba,4,4,Thursday
40331311-023a-4663-89b5-a2683dc5258b,9d1234a7-4530-47af-b8a1-d2faae68e8d3,6,6,Sunday
3a01d14b-bc7e-4a03-879b-89d81d8cbd06,c7057724-d0f2-4b74-9dfa-a58ec9b83f7a,4,2,Sunday
a1879085-706a-47ba-922c-ad514927179f,3df453ed-3966-40ad-9245-6dea70be5d82,4,9,Tuesday
dabc86e2-fc75-4bf9-bf2a-b5c201414137,a2f89f0a-f422-4311-97c5-a85fce86c83a,5,1,Sunday
15807e1a-f1e0-41d3-b855-d8b49c6d104d,7f916776-8a07-41d8-ba8d-01a88d0f7690,5,4,Sunday
e94a1e02-8012-4e5f-8e51-144fba61b61d,6880c3f8-d85b-43f3-be18-3683970680f0,6,2,Saturday
69c8f365-d8eb-4018-93b8-9c25bb3c3d55,d0a3ebcd-2544-4767-8204-651b54903813,4,2,Sunday
409c23f3-a7dd-4b3f-83b4-c06c82e7047d,d3b0645b-f23d-43c2-a54e-33a24cd1982a,5,6,Saturday
7cc40434-6926-412f-b230-560076d9ddf2,44cdeb32-ec43-459a-b178-7b958d3ef806,2,7,Wednesday
b9a5f89e-69a8-4e8a-82df-fe9651d8acda,77262cc2-bb0d-461f-a34e-6580902e39c0,5,8,Wednesday
6c1cd146-6d4a-42a8-ac36-7a5080e9ff8b,818e3b2d-da8d-4254-8a7f-e7c2b2f5a0a7,3,4,Friday
7e4e15e5-6828-465a-83de-4d0a7dcff3ca,577483db-f987-4417-b6d7-40fa4214f00c,4,10,Sunday
bd9b1098-8ed4-43d6-9fc4-b154fad73dfd,f0e02e6b-7996-483d-9ebb-78d78123bb2f,4,10,Saturday
a851d524-fe14-4f7a-a153-40add1c2f10e,71b177e6-8ccb-4148-bd09-6fb3ee241a4f,3,8,Wednesday
b7987e28-b45a-43ea-bf3d-8daa1f6fcdbc,c073c623-9a10-4db7-bb01-cd87f5cda609,6,10,Friday
2140d059-3b21-4b7a-838a-b3502aec379b,2e9a7c5f-b34a-4b92-a4e1-48ec3f67d058,5,7,Tuesday
962d06d3-abc5-45fe-8f83-5749db77294f,da460996-7b5d-49da-8800-796d3ace7a07,3,10,Tuesday
b40779c8-b1d3-42bc-b885-724420beced6,3c724fc1-49bb-443a-b575-c3de29985dd5,1,10,Wednesday
9d02d89c-d051-49c9-9318-ccf652f1192e,71680d12-2155-4ef3-b6ea-ba5709ffabb1,3,1,Tuesday
449aea8b-24f7-4441-8dcf-5cd8bb78101f,16e3747d-fcb7-40c5-9dcb-5b02b6582386,6,10,Wednesday
17f87ad7-980c-443f-ac5d-9a4e02680a2c,68419948-e95a-4e37-95fd-d3ad16afb56b,5,7,Thursday
bfe1bbb6-9cba-4433-9f87-1bcbfe5f51c2,dbf7552c-c54a-45dc-a569-64b9bb68d1cd,3,8,Wednesday
17346c44-2966-40f0-a716-6637c42481cd,86ed4930-95af-474e-86c4-ffbbf0a4b4e2,3,7,Saturday
12ac15a8-9c21-4ec3-a847-5117abfa4f0a,588bb7ed-aab9-4b45-9540-2562b844dfa0,7,4,Monday
a75e5612-29ed-44eb-af5e-a5e3b4e66a04,ef26de80-6ffc-4654-a39e-b6600c7aeec9,3,4,Thursday
3719b9f5-4140-4c0a-8289-ee4dadc12652,2758bfbc-5f66-425f-94ec-4d7137abb10d,4,3,Wednesday
66d8a9a1-f4ab-46fd-bec0-8233ade9aac7,5c592b4e-bcbe-4678-8224-fcd946b58255,6,3,Friday
c3cf1c68-191d-4f2d-bad1-9588dfc2d75b,1adb45fc-d165-4ee5-9714-bc6ab1949311,6,9,Friday
cb3bb88b-3ebf-4a1e-874f-abd0651ce6ad,5eee7cbc-5a19-4bea-84de-35c7c2f7ca41,1,3,Wednesday
16e200de-a4ab-4fb1-a475-42d8862e501b,52c68f7a-b430-4451-820a-986a2ce6af77,5,3,Monday
e6940830-3bec-4be4-8334-5a6f29e0ce4e,10bdc804-c4d7-4c5e-9958-040c48f14e12,4,6,Thursday
d79a8c70-8e13-4f0e-84e0-14934335e5c0,977f3252-84d4-46d6-b91b-40ea22854b39,4,6,Tuesday
efd20a0b-4b9b-4c86-a960-7df7ec79a59b,360a67b6-9f3c-489a-845a-e35e387aaec3,6,1,Wednesday
149ea646-f317-4daf-9598-62f53c5a3116,362dba6c-5828-45ff-9898-1aad04210df5,1,9,Tuesday
fcbcdf84-ae5c-443a-95c9-71f635b6bc56,5b57ede7-05cf-403e-ad3c-d2f91ad554cb,4,2,Thursday
105e99ee-3b62-4749-bf50-2075f04af903,e202ed44-7079-4628-b207-6b8fd7b0b8d3,5,1,Wednesday
13de9c83-80c0-4bac-8175-ea21c52ae128,b79465fa-79a0-4a4f-a21a-e90ea6e1a4b2,7,2,Friday
db9e2cf5-b7d6-47d6-99ff-bac849833e9b,0f55a9b3-681e-4b28-bfe7-a1cfe039ecd4,5,10,Tuesday
a2b75ead-428b-491e-a375-75b02446dfb5,da306964-0b2a-4f8b-beea-8a6d50ed4e8d,4,6,Thursday
4b2f2a42-fe43-4c18-8730-f75df77df893,c544d1d9-8bbf-4b79-93e3-bd40dc00ea3f,3,9,Sunday
4009a7ab-d214-4c78-bf0a-9f003d72523a,30053644-a137-49c7-9053-47eae3af810e,3,10,Tuesday
5f14309d-830d-484b-b0c5-fd7a88b75fd5,090f06a4-854c-4059-95d7-d91b6e21ef17,3,8,Monday
68b23009-c9ee-4c22-ad74-45fdd07bad86,d7350219-d693-4b14-9463-548e37d43d3a,6,9,Saturday
243d3262-d9ca-4359-ab22-2d97f11ccc38,3c8a3ed6-e3a8-45df-9bc0-26021aeb9683,4,3,Saturday
50eb2df3-be33-4ebd-8f28-0fb62449728c,7a41472f-d17d-4d1b-aa79-43df2feb4522,5,6,Tuesday
f836e77e-7af3-4d33-afaf-2b09742cd58d,d052d219-a0c4-4ed5-9859-4cfc82510465,3,3,Saturday
493fee58-6fad-469e-b6c3-aa19f52b6fc6,956b74ea-f7a3-4f98-be56-1a527d8d45fd,2,9,Friday
65be04c2-de65-411b-bfe1-50e16215b086,77f1db08-b713-4c7c-a72e-9fb42f6dc037,6,5,Saturday
ae65827b-c9de-4270-aa96-99cf8c208c00,8e1e7143-4567-4335-8530-e05b6527ea06,6,4,Friday
f70e0ac7-6d64-4b2e-8741-bf5a1163b147,8b161b8e-c453-4d9f-83ea-5b31da9a5ca9,3,1,Friday
9e316c13-6754-4c0e-b1d3-53e4e12592c3,c3ebf736-0f68-4d54-b5a2-4712d865d674,4,6,Wednesday
543d9f1b-9ce0-4f27-9955-a70e49e5163f,65c390cc-ebbb-45d3-a0b9-17477472d477,6,6,Thursday
8c70926c-6cdb-4bc7-8770-40462685414b,d0b2ffc9-c97e-421b-a87c-70445bfcfc9f,4,8,Tuesday
ac9185cf-ffe1-4f35-9ad6-526719c03620,78f3a085-91cc-47ad-8fb7-f6cd96ed6a5a,2,9,Monday
997de602-5f02-4370-b693-588c4b4c6758,badf6019-fc74-432b-abbc-66ec31c0b082,4,1,Saturday
4341e08e-5c33-466a-871c-d25ef8bead81,3e42db89-1a30-4140-98ab-ba14d0b7440e,4,1,Monday
4b5cf926-c459-4030-b422-2b5ddf79cf27,3b307841-d306-41da-aed2-238866f4136f,7,9,Tuesday
f77dfc2e-426f-4672-b3fd-f362c6fc8e7a,bd1c67a0-077c-4b5a-b07a-cd32e6d1f0e3,7,7,Friday
3e62819b-b6ab-415d-b3fe-2a811786f68b,b9ccdfd0-607b-4d62-bed7-80eb01af0199,2,2,Friday
7324362b-2ebd-42bb-ac9a-03e0afa3ac13,384f8025-9ed7-4320-9ec8-b6b23009082a,2,5,Sunday
edb4f639-0eb0-4cb2-ae66-2b5ea29d3d27,08a98242-723c-4021-abfb-ec8f8bbe7cb0,1,5,Saturday
7930f611-b271-4a0e-b834-342b5ea86f88,325f4d8a-d2ba-436b-9e56-c9de408cc28a,1,6,Thursday
c56e811a-d248-4c99-932f-8ab779d5ebf6,d307fb7b-ce7b-4f5a-86a9-7938ae3b5e4a,2,8,Sunday
624352b0-5931-4b8c-bcca-b65a38c2192a,9481614e-77eb-4b6b-89dc-4c271d7aa554,6,10,Tuesday
ef788df7-f316-479b-af8e-07a0cfc778d4,7f67de71-5bef-47c0-b370-1c87dde53ef3,3,7,Tuesday
a2845d35-82b8-4117-8767-eb8da6b650cf,779e9a21-c4a8-46c3-b5a0-47e53e06555e,7,6,Monday
fb24bc76-caa6-4814-a8da-7069abe4a10a,fe3de192-de68-476f-bd27-a23f97af93cb,3,1,Wednesday
cb7ba4ef-0406-47ee-8d79-eea201a230df,3c74d233-cd8e-4374-8368-c72d12a9915d,7,3,Thursday
0723c403-362f-40eb-bd17-8bb81331730a,950ed2c7-b516-46f9-b1b1-0c312d98d5c1,7,7,Wednesday
92b5bfa7-1c5e-48f2-837e-f493eaa07541,c2b354c8-4d74-41f1-8202-741a37d3826e,5,4,Saturday
efa6266c-d545-4e17-bb91-f9d261f92680,9bb96028-26bd-4bf8-b544-7631f4c47714,7,5,Thursday
eca07e04-537f-49d7-b5f3-c5f635a5833e,4f8e6f47-a006-4e35-be4d-714c27edcd3f,1,6,Wednesday
92fd2932-1932-4973-8469-7a2bb9cce1e9,cf785b57-61a4-4fdd-beec-7e1cc7d77892,6,1,Thursday
72a9a7ce-e7d3-441c-ae03-432c3fd0484c,f4b78bd1-1e7a-4de6-ad3f-29ec1c24c8ba,3,2,Saturday
fed349a1-f454-48fb-ba4f-3b7ad1871ff5,6abcf693-a7ed-4c49-910f-7badad0a7d07,3,10,Wednesday
2cd09636-0618-4731-8cf9-dc1ea0090455,c75cc43c-6949-4de1-95be-2270b715b2a3,3,1,Tuesday
4a055feb-79d6-44eb-a4ac-aed9a6a9add2,cd49bfae-0cf7-444a-bcbc-168c4e18a6df,6,2,Sunday
d175f710-33c5-449d-b205-7a7f97fed950,babe9aa8-a7d3-4385-be5a-a9ba2b5e4ca3,6,9,Thursday
ce8b3721-399c-42af-bc1c-966ab75e3098,83e10fbb-ea28-4daa-8971-e6cf2be4cee7,1,8,Thursday
df2cacca-2705-49b5-9e08-c96cf878e994,135f00d1-c537-4ecc-912a-c7110556fc2a,1,8,Wednesday
c20ff0fe-fb57-4e5c-8345-d63e82867b2b,64a0f3a4-ca23-4578-be64-e2a6e27b0a27,6,9,Tuesday
a818508f-5ee6-4add-88ca-a48779fd1a0f,c5daa44c-b6fa-4250-b618-5d5419a27aec,2,1,Friday
63b52389-73ef-4842-af58-057d17685b12,c1331088-a01e-41ff-9fd3-2e78f7669e08,2,4,Monday
5971fa2c-f4b8-4255-9959-60c613cf8e3b,51fb3182-c6f2-4c65-b302-4a4d8947a544,1,3,Saturday
277d6173-cd2b-4ad1-8755-57d2765cf24b,133a53f1-9b47-42cd-9bb5-f9497b840dfc,7,8,Monday
5ce83a5b-539f-4bf6-8549-5f6fc9e88bd7,5590d4cd-4de1-4bf5-acfe-5c38abf73cbd,4,5,Wednesday
c97a7cfe-4638-4e5f-99ff-3e7eb830ab4a,6425aecf-f253-4c86-97fa-ba233020853a,1,7,Thursday
bb982f40-87c0-4a70-b5f9-122925896ae4,897f5e31-9e3d-4947-aa33-1bc2f2692f26,1,2,Friday
1cd004ad-3608-4693-8a40-333cc4c5265e,8a1d2611-5735-42a9-83a9-4ff407add976,4,3,Wednesday
5840fef2-5887-4b57-8925-62ddddadec94,d9449a44-b902-441c-b0fb-157e699e1845,6,1,Monday
c0b8fddb-7086-41f0-875d-9b1874ed1dee,71dd0a48-35dd-4875-83c1-5bcc42ce72a8,4,8,Sunday
dd69193c-d10a-4567-b57c-855ce742b070,37c8c891-b3e9-47fa-935a-4826d985790a,5,8,Saturday
d608ac04-7764-462a-85bb-f2fc9ff0210f,383db1a7-81c4-41da-93a9-bc01ea8b2bf6,5,1,Friday
e721c1aa-21ce-4c8c-9884-be5f0e6b4573,28c9431a-e2e7-4751-b44c-e6ce66d665cd,2,5,Sunday
5604282d-a746-4aa1-b255-36aed9e16348,7210cda3-9e46-4143-bb96-9226ab3fcb70,7,9,Wednesday
2463bed3-e5f0-41db-9cb8-a66266270ebe,78c5cdd5-3651-4173-bd60-f53f6c8dce31,4,7,Friday
91531c9f-8abc-4aaa-907b-4f594f9dcaca,c6379c84-2a26-42bf-b1c3-f372f4490028,3,4,Thursday
15607404-8f10-41f6-953d-41f0a7be15c8,100feba5-1e75-4cbf-8c2f-346e1fa2f3b0,6,1,Tuesday
e971f29a-9820-4f96-b93c-532e9562c2d6,3e387dc0-9ff2-4f84-ad03-48bcc1d625e9,3,9,Friday
3147895a-5f10-4f33-9014-fd1d9d710c54,58ef47cf-e909-4e55-a299-5702ac6c072f,4,4,Friday
b3e6d1c4-c85c-4e45-b642-8e78df672fbd,972d5f79-8844-4363-b7be-10d714c721fb,7,3,Friday
0c3bb072-ce6d-4b8c-881e-f29d381dc197,b3b9ae9b-8a5b-4b75-a80b-7421263f17b2,4,7,Sunday
3f9b39bf-8e12-40a9-aa87-008198a80967,b7e28712-1799-4950-ba18-0cf2ec8bb644,6,10,Friday
31b9babc-a917-4d14-8378-9e146af403f6,01868963-0bc4-4443-bc0f-44e82980ddd3,1,1,Wednesday
b6bdb395-a300-4af1-8a2c-81b7fb187e1e,edd145a7-8a1a-463f-a6b8-369b220b88d0,6,2,Monday
88884a2d-adca-4331-a015-7109d660e7bc,b5327ea9-fcc0-4890-a362-7ab55f62bd3d,4,4,Thursday
9634fec0-90e2-400f-9042-ad5c36f2b6b1,be969918-3c0a-4fad-8c81-af50960e7035,3,8,Wednesday
702b8755-e421-4076-89f2-a03ab885c9b1,82376a5f-4318-41b5-bddd-931faef4b5ae,5,2,Sunday
f81df888-1a11-4875-b6ea-26d5a9cd82d6,7dee1a3f-45b6-4fe4-bc88-d502cf8a1a33,6,8,Tuesday
8534220e-4e7e-4781-aa35-f021cd0cc7f8,23e97fbf-8c04-4320-9adf-a0c8255e2bfd,6,6,Monday
ba7981b9-f15b-4c18-b776-1f9b89bad2b4,2300df04-ea59-4929-9ec8-d70aef28355f,2,6,Saturday
52b887a3-3d49-4c92-91c3-8bc2cf8664f6,5c9e3ed0-e2eb-4aaa-9896-45c93f2e74c8,7,7,Monday
331f8666-08e1-42ab-b243-36382c3a4c95,25a6e901-98c0-4ae0-b593-a56e459b7390,3,9,Monday
20cfc53a-4ed0-4645-a9a4-9448c8b4b588,8b0f478a-d6ad-4d61-8973-97117c8aa3d0,5,9,Sunday
37762bee-3d7c-496e-b6f7-aff8c943d9f3,93536ab9-d5e3-4307-9297-6248d72a3166,7,3,Thursday
2ce7dbeb-c646-4699-91fb-91644a1990b2,691d62f9-3799-473d-a29a-9f0bc597c6e0,2,2,Wednesday
9538275f-72fe-40c2-b2da-edcd4987f829,dcdd902e-ee5e-48da-b4ce-cac805a9ff7a,3,7,Thursday
faf0cad4-8c78-40a3-8037-e30aa96c0937,8493110f-1e4d-4eda-bc84-f4ba47ad9225,5,4,Saturday
6f272f85-504b-4f35-a202-91971b3798f4,adfdd306-1959-49ce-9f36-ae5cc9c4c921,1,10,Saturday
1814d15c-15ae-4a0d-ae1d-0c9a3b0792e2,87a21ffe-572b-42a8-a9d1-751df6b08b05,7,1,Thursday
6fdfdf07-c05a-4c66-82c6-cc5648c71e20,390bde75-2c84-4994-a84d-82d76b377c59,4,3,Friday
f8b433fb-5ceb-4288-8b6f-223a3c5089a1,46180a7d-0de5-437c-aff1-8a57b6e95c84,6,9,Saturday
04d60aeb-cd91-4054-8d2e-2a5f69d22235,cc43f2e2-92b8-4f75-8354-9427900e7ed6,5,9,Saturday
8868a2af-b8a3-47b5-9f86-caf340784ccd,eb60062b-4963-4d21-ab6c-6250f3de18fd,2,3,Thursday
ee0fdb3e-ec57-4e81-b03c-623827f4641b,ceedbd0f-f848-4d7b-84a1-6198d0ae4bbd,5,1,Wednesday
089a399a-be46-45ec-bcb4-7d68d6122d89,a4f89d27-ba73-430a-b93a-1e1d3d4b8524,1,1,Wednesday
48569fd2-bf8d-4843-ad15-717a69857dc6,595ba9fb-da6f-4ea8-9a7f-8691db542196,2,1,Sunday
34b06df8-a67d-4a2e-a2fb-8f1c8735a77f,0c437ef6-4a06-46cb-99e9-ca43304569b6,1,7,Tuesday
d7a335af-4980-454c-9aad-ca0e8a1f293f,70bf489e-5eb7-4a60-8038-534c1ee8cbee,4,2,Sunday
d4a41ba5-865c-4be6-9d8e-28f02ad68d15,6c867deb-de17-434f-9727-f3af48e5f6c9,4,7,Saturday
dfc1dbe5-7b03-4b0b-ba18-cb1b9b5408d9,f9c7bfe4-b39a-4615-9cc0-22a14f70fb91,1,5,Friday
ea87a484-571d-4bc7-9480-c57a2e56ac67,a583143c-1d44-44f9-a9a1-0a732b2354f6,2,3,Thursday
eaf87280-f087-4425-a227-f133af616a86,f1f5b496-e545-4c04-960c-d1be084e818d,7,1,Tuesday
9a5d7a7a-5128-42ac-8fc8-c089ce6a810e,48ecb2ab-f531-463b-950b-5971b423a28e,4,7,Monday
e5260511-206b-47cd-b52a-9ef32a3e5720,740f3f44-4510-472f-89ea-256429e49f3d,4,8,Thursday
251d5124-5b5a-4fb9-836f-4ec672c114c4,d6db852d-6e7e-45ac-9397-cbaa3d68ae2c,1,7,Wednesday
2e6aaadd-3841-427d-acc6-c375d93b45e0,58b98d4d-ff38-4c92-ba7a-040dc0d59cd7,1,7,Wednesday
99bc021b-2f6c-4cbe-9974-9e7a597bff49,c4983fd0-b892-4e15-9c25-8d325ce5a405,1,4,Monday
4d0b1d73-f853-4ed2-9b0d-b87f94f52c89,a441248e-2611-4840-a069-7329beed1da0,6,3,Thursday
e48a8b11-e7c3-4e5c-8ab9-aac2e31522a2,b074583a-52a6-4374-94f2-4c3ddc03bd2b,2,5,Tuesday
a3deed25-5272-444b-91a5-26ccc4a31bc3,da5205ab-e8d6-425b-b11d-b9ef4c254dcf,7,2,Monday
2786bbd8-52dc-451d-b65c-ed19ff0c2015,f71b715c-9a98-4801-a103-24cfdf2764f9,4,1,Monday
caeadfd9-0983-46bd-8b60-36d84d89cf8f,f9712505-f379-46cf-9fbb-dc26c609afb6,4,7,Saturday
2aabdf68-8085-432b-9b2e-6169c03539b7,7bdd58f5-6ad8-481c-93a9-49610adbb88f,1,2,Saturday
402e32fe-cd04-4a89-8192-185c62032571,aa3fa1ba-8bcf-4df6-b1a5-01d1f3b72197,5,10,Tuesday
bd36ff3b-20d4-486f-8fc2-f793cdafe6b0,d9d3bd0d-2a38-4ebb-99ce-84c9a095f326,3,4,Thursday
db52caa6-1f32-42d5-9ee7-65b09453dc86,f39a4290-99ce-4f60-8a7d-645a497d0b42,6,4,Sunday
819d6f71-c32c-4b1d-9b7f-53ae51d64678,a794938c-d673-4488-b789-54eed97aa2fa,3,6,Saturday
e336e5d8-a174-4acc-baed-2acf38dc6fdf,13a6948c-df44-4b39-a590-fffbb4a812cb,4,1,Sunday
3760f508-0611-480c-a031-7dbde5817f54,b8256f78-7b65-4378-9250-a49047d8c028,7,1,Saturday
16165e0c-48c2-434b-a864-60464066fb26,c3445c6e-a900-40a2-a562-bd913bf14d4f,7,3,Monday
59088228-545f-4830-b400-ec24628883f3,8a56b32f-b4fc-4dd5-a988-573f581c2669,4,7,Friday
27a58991-169f-40de-b3ff-a97d31ac9466,6db4ac44-9d39-446f-95b0-d5683aa01565,1,2,Tuesday
d46e8f27-f9b0-43ce-9c1c-ce8c4e31fa7b,96e857e6-0b0e-46ad-bc8d-dd7f3a94706d,5,10,Sunday
5fde646b-6f7f-4f6e-8528-079e2027b582,80f10110-9221-4646-b894-19860e20f7f2,7,2,Tuesday
3c7258a0-9a9a-4a38-9d09-8fd69caa2674,aa58a882-660e-4fa9-a425-8d5d68d5f0a1,1,5,Wednesday
539268f2-c854-4699-8f8c-c1224d60d64b,272ff049-0bf3-4be1-917c-61c1d6463eed,7,2,Wednesday
19ecebc9-7e2b-48db-8661-a70d89f78d43,88f39a8e-4d2f-4559-8912-33e7d2a636f6,5,2,Thursday
3649fbac-4c6b-4514-a15d-f8d9bc56efe2,3a5f0fb0-6451-46f0-b67d-a22895f2922a,6,6,Sunday
e918386f-a863-406e-bf19-e799a12fa226,264d944c-1316-466c-a4a8-3c052280118a,3,9,Saturday
a123a592-f3b0-4e4a-a39d-31a31ad5b626,ff79d7c4-767f-4a3b-b8c7-e7a931a45319,1,9,Monday
c71d5be7-2c03-465b-bbef-172730ffad67,56c3da28-0ad7-4f7b-94b8-4552e4b00737,5,10,Tuesday
763805e1-eb94-46e8-b5f8-43e52d1cf3a7,06e2e7ca-78ed-4582-a254-70e807c2c598,6,9,Wednesday
374fce28-fbd0-4c1a-851c-44147680ecec,4f2a1012-70f6-422f-944c-59b36d97b559,1,7,Friday
f1ad34d1-02cd-4267-88ee-423f52c9aab2,d1bdba25-5cd5-4c0c-a519-7d38f1c6adcb,1,6,Monday
786e4938-eb9a-4ad2-884a-c3dacfb03a9a,c345b84a-0a92-44fe-94f7-bbd811339722,7,4,Thursday
a8c320f6-ad10-4d67-b8aa-7700b63c4f84,f1d02f9f-c16a-489e-9793-2fa7a4adfb13,3,1,Monday
30f25fc6-1f91-4078-aece-0c9c892e7bb3,b0afd74b-4151-46b1-b64c-f0f6ccc1e98e,2,8,Wednesday
57b9b803-fc82-4e52-a573-c26d69b71284,37e5195d-12ec-44d9-baa6-069b76228e84,2,1,Wednesday
b577a342-cc01-4a39-a5ae-1c47fa54bc01,3984b028-1212-4e56-99cc-f2060101a66d,7,7,Friday
e23f85bc-ecf5-4b1a-a8fd-00f94d94907f,26f8dfaf-3c68-4d5c-89f6-897089dfd2a5,4,10,Saturday
39c3b244-df6b-48e4-a007-3d209f716d89,9b3de435-daab-49f2-af2f-521d422d94cb,3,9,Thursday
134491a5-87fd-4481-8a58-ee90bd8a006c,98ec13da-7886-453e-9469-20acc9cfd2e6,4,4,Tuesday
5df50311-858b-4957-840a-2f52d4936b2d,de761556-b4c5-4d6b-b5a5-8ad54e3fc8ca,4,1,Friday
47a180f1-14fe-4bb9-9e47-3782201a5650,17649997-03bc-47cd-90ee-a355789cd240,7,3,Wednesday
87db4047-dd66-42ca-a58f-f1fadb1f68c5,10b24d26-4991-464a-b3d7-b036f369afb9,3,1,Friday
cdf8684c-877d-441b-97a5-9691460faa72,62514f2b-479f-47ff-9582-436bcbc8a8b4,2,5,Thursday
73cc266d-55d9-4f68-9b2d-333c7a5091af,5b388c4e-bee3-4624-856a-839667df6bc6,4,1,Sunday
0e8a7419-e483-453b-8bf2-fa5af4025698,1493e7ae-1b42-4f4b-9c95-b3607f239386,1,2,Tuesday
fe8e2dae-5247-4247-8774-3b8199dedb60,a832b9ff-a3b4-42bb-92f4-c7b0c1a8056b,2,7,Tuesday
86568262-eb7c-44c8-90f4-e3a1b8868129,d644ee14-41f4-4825-badd-4a58ecda391d,3,8,Monday
d9747687-0360-43f5-9299-439fe5b454a4,fadebc16-49a5-46f3-901c-bec17d9c0091,4,5,Sunday
e72bf3b1-618b-4e15-955b-3249e0967461,7b83e438-21f0-44ae-8bcf-27e5a833815a,2,5,Friday
12f1857b-a05f-475d-a8de-34eba85ae8b7,391b99f3-1d6c-4f4e-9110-0f4541b078b7,6,10,Friday
5c339535-da9e-4211-8e86-7e88273186e6,10138e7f-4b6a-4d8f-b165-7ddbaae56008,4,7,Thursday
c4c40c43-1c84-491c-8a31-222d1aac16ac,67598947-a2b5-45f0-b8b4-21a96a03355a,2,10,Monday
ba784e1d-dec3-44b6-a7df-b4c9f6761fdf,e68073be-7594-4ae0-9b30-338a60d14b8e,7,1,Thursday
59697faa-0bdb-47a8-b0e8-6f3445975ba4,478046df-8c46-4ca8-bb22-092ed4e9bb88,2,6,Sunday
a8c6746f-8414-4f56-8de5-e70065d65671,4d025b3d-a6e6-43f2-a415-c9e393f0141e,1,3,Thursday
84da72b6-bb98-4a61-bbdc-dec64c97bd96,8d671c9a-334e-420d-b180-ababddbe2065,1,5,Wednesday
76b746ca-e85b-4e6e-af25-13b9f70d5dfa,e38d1a19-293f-45cf-bdfd-a5a745457ce8,7,6,Thursday
8ea45b6c-c487-4fc5-8644-5ece27a8cdc3,cbb4cdb7-b531-4015-9b6c-886e41a7d9f7,7,5,Tuesday
178329ba-f055-454c-9da2-a380ace2951b,994bf57a-1971-4ba7-a22a-4e520cf19010,6,1,Thursday
dad19df1-fff4-427a-99ff-9a8a0afe3160,7e6bfb4e-1cc4-4c62-8d3d-bbae96634b04,4,1,Wednesday
bbed41a0-1777-4aa9-aaae-2c10b1529ecc,012ad59c-f44e-4f33-995a-8e75299fe48b,6,2,Monday
107f694b-cba9-4596-b6d2-9cb6f289c516,ac447fc8-4692-4025-b7a7-807940aa7929,3,10,Monday
a35ec0c0-3b86-4f46-a951-118f7b733b18,31e04dac-602d-4103-9bd5-d0087d453193,3,9,Sunday
cf38519d-ea50-48ea-9cf6-03aee7afb32b,31ad6c95-8a75-4ce7-b8d8-81a37d266e35,6,2,Monday
5ffd5ba4-184c-4878-8d3a-a4c1e25b2a01,066ad24b-922a-4865-ad57-bfa8af59f4e1,7,8,Friday
96e92106-7fef-466e-949e-0baf07b3a6ca,ee35d7aa-891a-4a82-bbb6-261404cb2971,4,6,Saturday
de5e4fa5-a67c-40f9-8b9f-e07ce822a3dd,edd17a0f-25e9-4677-b5d2-bfcc5c107cc2,1,8,Saturday
480c9ad7-c2d3-4238-b11b-38c03d2a5aca,69811efb-3269-4d59-b4dc-e211b081636e,3,6,Tuesday
692b1719-074e-4a6e-a905-41e101b4bad3,57422391-66d9-4a8c-8d71-d71c49774c25,4,6,Sunday
4573819c-e0b9-4683-b758-530e718658ed,61a0490a-6b7c-44a9-839b-5ef49b96888f,3,1,Monday
c990ecc3-8e62-45b6-a02a-621f6ed45ff1,7cab26e3-339f-4d6c-8298-63b7049b0586,4,10,Sunday
c84181e1-f530-4adb-8a93-8dce45883f9a,589e90c1-e356-429a-ba45-6f11ef8ae97c,5,3,Tuesday
c74a9c07-e090-45b2-a168-82b619e9554a,bafe32e2-3d50-4ab2-a7e2-7aa05fd1eb20,2,9,Tuesday
fea8380e-06b0-4f66-b24a-e96f12baca9c,4ff13c3d-c220-4766-bd41-272c5e08f546,7,5,Thursday
93d76599-9383-417b-8211-c4d2c8dc875e,f749961d-959a-4712-99ec-7cf32a0fce1a,4,8,Wednesday
ed787de5-1d38-4dca-96f1-44aa6b7091b7,e429969a-b4b1-4b63-a526-4574e572e7e5,2,6,Tuesday
d43e7d9a-10f5-4b6f-ae02-2533f6cd06ac,b5c39328-0252-45ca-8e35-6507d74a264a,2,8,Tuesday
2708e8a0-8194-4b1f-bbbf-a36d86b202f4,f7a9d215-723d-4ebc-93f9-0efa488ec80d,1,10,Friday
ca1df936-ebca-44f6-a270-b8583b127573,dc538153-f79b-49bc-9d56-a23538e54d0d,1,5,Saturday
f6ccb3b8-29af-4f8c-8d4c-e1a2cb655296,a3eb1a6c-0d5c-41e3-975d-8ad63cfacae2,4,6,Saturday
524b4b58-69b8-4554-941e-cca433cc5190,b7484207-9397-4149-bd49-cf16576dbc25,2,10,Wednesday
3fc6ba15-99a1-4da7-81ad-62a686ebccd7,2b1d9477-8452-41cb-a38c-e458a9fefff9,4,7,Sunday
1044555a-1f6a-4310-a9d3-5f44f55429e0,f30f059c-431e-4bfb-8c19-b7383e38539c,4,7,Tuesday
09dacc66-4b9c-4e53-a2d4-c5da235bf848,87dedf88-1a94-420d-bc92-2c781a22fe1c,4,9,Sunday
ba264c2d-3412-4f44-afea-af2d694024fb,31527928-3620-4913-ba18-452c16f2a871,5,10,Monday
0d7feb88-0483-445f-b416-0fe8f73f7fe0,3ac936ba-f56f-4c14-af19-6e06bba86b94,6,4,Thursday
cfd73c8d-5fcb-475d-8b1b-f54eba095530,64c1a5bc-0b67-4b60-9927-773a8716dcca,5,1,Tuesday
720c0ccc-f35d-4eee-b29d-0aefc1ea8054,30742e3b-ced9-4fa3-82a0-2a442b3bcfdb,5,5,Monday
ac085c92-51b9-4fd2-a9f9-c71de07f3471,fb0bd380-35b2-4c0e-b84a-d47ecf3171be,1,1,Sunday
d84070c2-19ca-4bec-bbfa-4a6ad48e1abe,edbb744f-0130-4fe9-86e9-5070eda3ce5d,6,3,Monday
c84a9006-debb-4671-8cab-c74f2cc0e321,fd48ed35-91e2-4454-a837-756ae64db89c,7,5,Friday
3448f830-0316-4564-902e-63cb30ea5164,99f76bc9-7aa2-4240-b65b-ae950cea9a4b,6,1,Sunday
1d3176bd-0a98-4672-80d0-952e861b92b1,aa9fcc8b-f409-4402-a35b-e8b20aa22124,1,5,Tuesday
c84eae42-a776-4f78-bec0-89137a591ddc,bc6b8a24-5813-4f90-ad75-5843e1cf27b8,4,1,Tuesday
d34e5401-d796-4e57-b10d-912279a21fd8,33965cdb-8fa4-44ef-9a10-8ca7d9f92fc3,5,2,Thursday
c2e79e7a-b7a4-4966-b401-73c331f2452c,4ed22543-0692-4bfc-85d5-ff0a10a8d9ab,2,7,Saturday
3141f1ed-2e19-41a0-9bf8-bdbca3123969,f6ed36ba-715e-4ee3-a2b8-6e6f673f5ce0,7,5,Tuesday
876fa1e5-e2ab-47b2-899f-c27a1901b9c3,8a95b69d-9d4b-48c2-8428-af7359ecc254,1,6,Friday
1623c9ee-2714-4308-9ae5-3eacba1a1c2f,80cad548-792f-4295-a731-91cf66fa6c8e,4,9,Tuesday
e2b31db9-4d63-488c-8dbc-ab9dfe55df5b,055abf63-14fa-4d54-9da4-de2ae198f999,1,8,Monday
3d766f80-c669-4985-9e25-dbf380183807,7a150de0-3041-4c11-9ed4-c639d4ae676e,5,2,Wednesday
fb7f8e8d-c12e-4a30-b604-0ca06ab584fc,47dea09d-d147-4f58-aae1-308ebe1ac509,1,1,Saturday
a5ebcd03-ffbb-45d4-9dfb-94e50e181624,55e81942-5298-455c-9f88-08fb2fe5de1d,4,4,Wednesday
08b5a5c9-64f7-4287-a89c-a382ac8367ef,7a2d5383-7c57-42d3-b0ae-8a9021b77fc3,4,10,Tuesday
5c747b74-363a-4caf-8aac-9ad34d575bf9,b7cc1024-8d66-4029-8de6-80a4f63ed69d,7,2,Saturday
dcec223d-0ead-43e8-a399-3decc5d39123,c3cdaaab-4fc6-4e9b-9ab8-b94d868add7b,3,3,Wednesday
edcea1cf-a6fb-4066-869b-63a8c6359d92,6a75390e-ca3d-4e21-91c0-b7a8effb4cb5,7,10,Monday
2ed50891-39ca-47f2-8bff-058190ba1610,55943c1c-b8aa-4d7b-88c0-eb2b73bd0e7f,4,8,Wednesday
f04c1b5b-4f44-44ba-bc01-77dc0acb531a,c7afd02a-10a8-4b66-b24c-254302b108cd,3,3,Friday
5facaf5d-2d52-47cd-84ae-aaa4dae3bca4,fc9b74be-3ceb-4f60-bddb-55f11278b829,5,1,Friday
18c02c42-cab2-4b99-adf9-efe8b2f90666,d0ea648c-eb04-402d-b47e-972ad57ad81a,2,9,Saturday
4153fe84-2933-4daa-b827-76285ecdbbc9,ba84bacf-cf79-4b35-9637-c7640a375ebc,6,10,Saturday
19a19fc8-310e-4130-89ea-391cb13110da,3ad48d6f-8071-4208-a1cb-da1133617c71,6,10,Friday
9aa32871-0940-4784-84e8-f1d9597e8fa7,0e069c32-ac66-45a6-845c-c3490c4a343e,6,6,Friday
8cf8f360-94f3-40ba-8d43-4c8d58ca116d,0c3be589-61f6-4af8-a42d-1f7463d3341b,5,5,Wednesday
7e8d1fad-4ffe-4e5d-80d0-d39b68183a18,de75f3bf-7cc0-4f25-be0d-f6894d3f24b3,3,5,Thursday
5f0b9648-48e0-4eab-bb7c-8ba9a914f224,752cf6f6-8bd3-4f6d-8afb-ad0799789118,1,4,Wednesday
e26444fb-7483-4c17-a2ec-aa5c03d307e9,efa92322-6878-4054-bb2d-46e83606d31e,5,10,Saturday
66770b8a-da3c-477e-8ec4-198f6fb3abc4,61499260-fec9-431b-96cd-68bcdece03f4,2,7,Wednesday
50df8cb0-b26c-4c6b-a67a-7da00fb2bfa8,ed7f394b-6bcc-4a5c-817f-8581a0e1fa96,7,3,Monday
94e9e229-dc54-45ec-8e0f-88b2506a7e79,fc1e9ef0-bbb6-4982-8977-e36e7ffb7568,5,9,Monday
b4831f34-33a6-42f7-9614-3f1c02997aec,3f1e004e-fd5a-484f-91af-d8e7d0372734,1,7,Wednesday
142a1f17-1a2a-44a1-8b8f-29df4a273df5,4869781b-b8ca-4a61-a33e-36a13496128a,3,6,Saturday
176d36bd-f9e6-42f5-a782-64047fc374ef,2e5924b0-2def-4818-ac82-4188d0f4c781,5,4,Tuesday
710b0fd0-6aca-4843-82cc-87a05c4d5bcc,2ffbafa7-3c32-4f81-bef0-1f8dc18afc4d,2,4,Wednesday
7fb19a45-1d3c-40bc-92de-2dab5e7cd693,9033bce7-d454-4fd1-b9c3-032d036aa259,6,4,Friday
ff42cecf-a5dc-4f63-91a2-9ad47a6b44dc,4df65135-6a3b-45cf-a21b-a80e9ea70d73,6,7,Saturday
1ed5c0c2-1397-4f85-b3c2-f376f1a45eb3,0a235900-7582-4d14-a02c-658ede9b08ce,2,3,Saturday
503005bd-b878-4109-a1bc-f023581184c8,4777e35e-3e24-41bb-8967-714885e269ca,5,9,Thursday
ca5721b5-d1a0-41d2-9668-9c7a2de73c7f,62427b92-4b72-454a-86f2-472dec0935a4,6,3,Friday
6206db75-80f7-451e-b211-143f497b569d,5bdd85c6-396d-4418-a1a9-b44d158eb374,6,6,Friday
52f60672-4282-45e4-84de-ee6a1e080782,36e5dcd1-1034-4d13-b39f-c8aa40079ae8,3,10,Friday
1a54a688-b7a0-4049-90f3-8a5682149479,7d446a77-e820-43d5-b51f-f12d077f563e,5,8,Thursday
b15b6803-66cc-4ca9-b059-e2a479aa6ec9,c6062532-7145-4f2e-8308-05676434c153,2,1,Tuesday
2c417a35-d09a-4d1d-a907-20fb94bbe8b1,61257968-7da4-4a45-bcaf-d890ff2b7535,1,5,Tuesday
1416d85b-474f-49ef-9231-b1793a98f932,caf4f0bd-b1a9-4092-9e73-3f6d1c210994,1,4,Wednesday
10e59540-74a3-4cfa-aa0d-083c618622f2,79edfa02-5d37-42d6-9d65-6c77e6b0694d,1,1,Monday
8d05fe41-d9f4-455e-84ac-98dc1190a683,83c951ce-ad6b-4055-bb28-20b34f92e979,4,10,Wednesday
ef74b297-cfd1-4611-83de-2d0fb7247379,e3c0ac4a-c3bc-4caa-a699-d2e8f5543a18,2,3,Wednesday
ad7e389d-9693-4392-8cc4-3e2c6eb63b97,83287afb-b33c-425f-b636-527cb4badb92,2,5,Sunday
b439f574-7cc0-4a06-b4ed-e8957c22d32c,1c8d7782-6bd7-4503-ab4e-04a56c8bcd68,2,5,Sunday
3b553bfb-f497-4524-a2b1-d99626668ec9,a8fae7df-7183-4f28-9fcf-655531f3530a,7,9,Tuesday
1abbe64f-e11c-4ee8-a918-cd012ba677b7,ea68719d-b59f-4d2e-892a-cabdd3e255fc,2,10,Thursday
980e6f04-c9fa-4e6d-8372-2e2a139b8617,bd26c8dd-9e08-4787-a18c-61659db4c7cc,4,1,Saturday
1f3d3108-a10f-4d2a-b999-71c7481aa88d,463df7b6-f4f6-4fce-9df6-9b6cc5c1703d,3,4,Wednesday
8f889645-d0ae-4be8-8df8-7c05a65b33b5,693607e8-b51d-46f5-8f75-6e86fe95a1ea,6,3,Saturday
8152e503-21da-43ba-885c-284371ab4225,54c5f3e9-3c9f-4296-8f3b-6dad683bb7e9,1,2,Sunday
2f59ac9b-f4b0-4fe6-b480-19c815670417,36a9cd42-78de-412b-a961-ed40bb12c741,7,3,Tuesday
2e428237-b8a0-4c29-9b77-ede595ebd265,bb14b6c3-9bc1-49cf-b3fe-1dcd0efd6ec8,3,8,Sunday
4ce8f9ac-3bd3-4f26-8c35-5f08fd751116,2b6ecfbb-dd9f-4a94-92ff-dae9993f274d,1,6,Monday
8f5109b4-95d9-4d8d-ac9f-f7146712ad3c,dfdb7a89-26e1-4458-a2fb-4fce66ab89c8,4,3,Tuesday
e15b6700-e42f-4f9f-b211-e307dfbb24cf,5d1e2f17-f7df-45fc-973b-3101bb6bb095,1,6,Friday
11e53aad-9cb7-4fed-a1f5-76d72e107ac9,80c8b7ca-f603-4472-8268-accd090e118c,4,4,Sunday
df7ba83b-00b1-4bc3-a33a-98a186ccde5c,ac33376f-abb9-447b-9f19-3d958da0ab1c,4,2,Monday
17b24b0f-b444-44b0-a0f4-c76ed9425e10,1ad5e045-c77e-402a-a3f5-b199740ec893,7,2,Wednesday
76264f19-843e-4a5f-b77e-b0a8fe651af1,9152e91a-afeb-45f8-9a95-91ad6814c6b3,6,8,Sunday
a077a926-2b31-40bc-a8a1-13d766a584c7,a51fa378-c2fd-462c-8907-a5ddafdd157b,1,10,Thursday
d756ae9a-35b2-4940-b398-14c7648aa25f,0e0094f2-cdb8-4432-bfd8-9c37c1353310,2,6,Thursday
b5dd7cd7-5eb3-469d-a39a-00a2a4d46d36,2b64a128-bb3c-44c0-b12d-6bbd86adeae1,6,8,Wednesday
fc594f4a-ee38-40cd-953c-2587d5a52e68,8fced9e9-295c-4c15-a77e-826c94e32f25,6,3,Thursday
3486f17e-69a6-46d5-8e3f-d1d6520d6778,08bc57e2-88f3-4363-8926-b14fa5ca8fb5,7,2,Friday
8bf7da56-1852-4aed-a642-f2679f44afd6,36ed5911-a619-4606-8b23-54b8c036df71,6,3,Sunday
07ccd787-70cf-4f5c-8dd6-9bd45a628380,14d5871e-8465-4d26-b3fc-46bcaa32cc51,5,2,Friday
46fa01ff-0a2e-4822-bbf5-8f70edf420b4,62b08e75-3850-4c61-ad0f-79dd6987cd36,5,4,Friday
5fa7ae1c-50dd-4c2b-aea6-8507a6d0f183,3515b9e5-17f6-4f63-9b8a-f8ba655793ca,3,1,Friday
e2dba55b-b746-45b1-bb7e-48b188e1fcfc,60db6170-db2f-4991-b41e-546ccc12247d,1,2,Sunday
baf2ba49-6c1e-4f8b-bce2-af45d2767247,250935fd-bfa1-4c45-ae5c-0697680bf131,5,8,Sunday
57b5f497-19ae-49a2-b423-6dd92ef08ddb,3371667d-3986-4fcc-862d-853c1da7f4fd,5,5,Monday
df530304-ef0c-47aa-b381-3883f3dcf592,2d871d2b-ccf9-45b0-a196-244370ed42be,1,3,Tuesday
3530dc40-93a7-4a0b-ace7-d6218fd9d668,f70e5ac6-3f47-40db-a862-8227ef262f72,6,6,Monday
3a17a7c0-df97-42f6-ae61-760d5e04b511,f63a8779-2420-4483-b12e-40b1bb26ebef,2,2,Saturday
db53dbdc-b8d1-434b-bbd9-9fb4bf67869c,007fa34c-3bcb-495c-bdef-2798279f9e9d,5,10,Tuesday
376eec52-ecab-43e9-8a5b-6349ed320d45,40793cb0-1ba3-49e0-a06d-057869e578d5,4,6,Sunday
de3e5dd4-bcef-4c04-a2a3-b6219f458b35,eac26902-6af6-4752-839e-a1ce791b80b6,3,2,Monday
d363f882-3d92-4f3a-b5d7-3ff718c33696,7ff4449e-0484-427d-99cd-b24814ab8127,2,9,Sunday
9afcd1b7-51ef-4672-83a6-f7493f0fdcb1,f31b0af5-2eeb-4aca-904b-18d0c4012ead,3,2,Wednesday
73f223b0-8195-442c-aef0-181d4644a68c,d1535d38-1874-4af0-a49a-59f18c60aa7e,1,8,Thursday
c64d4d90-7d75-4e90-8bc6-3bc7d19c4e1c,cacd5f4c-167a-471a-ab83-2d8ac39fc6a5,2,8,Friday
f73b88ad-7e0a-4354-9d95-923d3cca7c8b,38c9f8df-a216-4507-ae41-16bac43d03fe,2,7,Sunday
c2aaf347-1805-430c-b514-a5cfb42d3574,7a9841e6-1301-41cf-a932-c3ebf87d1dbe,3,1,Wednesday
4561a1f1-3bab-4e5a-a095-bb67c1658c7a,e9c0a26f-3b80-4a2c-a10e-68960265fe1b,5,6,Tuesday
24cdc1ff-fe00-400f-a714-238f852747b5,148a3987-4d5d-4b4e-b457-ccd87d4c42a3,5,6,Sunday
6c2f10a8-15f6-42b9-880a-e86b7f8c0614,47705ae2-966c-4ac1-9a2f-0141ded513aa,2,4,Thursday
e5281fe0-fe41-46d6-8d13-773df775a7c6,df6f873d-488c-4ff9-abf4-ff7eb3f2e849,6,8,Wednesday
1068bf70-6b9a-4866-ab6e-96fd1f40e3db,ffa20c9f-2935-4fa8-b2c1-3c406b5e8a18,2,3,Wednesday
5da9ff6c-cbd4-4b30-96f1-925c24e17254,6870b3cf-6834-4467-8c7f-294a2877aad3,3,10,Thursday
fd73f7ed-e5f7-4280-95f3-94ac2f19566d,2ef5ba97-6c01-4d79-9633-2680da46f64b,6,1,Friday
61c9dcfe-79f1-4ed9-bdbf-ef566fb43bb2,dc1c28b7-c429-4ad2-9ba1-62ca6ea91ac3,6,4,Saturday
6b25fec9-b1f3-4f19-bedd-2c6b5cce5932,8691ebec-8f21-44ce-a78f-eeffdfab73f9,6,5,Thursday
684c23cd-bdc9-4a12-bfe2-69de9d45eb6c,c5618f73-0121-4f86-8708-5a8430a209e9,6,1,Wednesday
ea849374-9413-4bae-aa59-fbb513d9bed5,2e0d3c9d-8c32-40a5-975c-d192b97ffed1,4,3,Wednesday
3e36fd14-1b9a-4045-9c8c-3ec4bf515ef8,15251b8a-4968-4cfd-ba5c-71ac092d073a,5,2,Tuesday
9bae595b-89f7-4d7a-b674-2c7254a3d977,5a976dbf-904c-4545-9658-a2c6faf30ee1,5,7,Thursday
5f013669-d3ab-4689-a3f1-3b3161090d64,254b2b71-2c59-4c33-a59b-e1d90cf06cae,6,1,Friday
cfefe20f-c515-4eb6-98d8-b763a4fbcf4a,476fc3c1-16cc-4810-ae20-dde4e5e9dafb,4,3,Friday
5bfbd926-2318-47f3-80ab-8495b2c2d729,cf8b3bd6-5fea-4eec-8745-5db36b61b2c7,4,7,Sunday
7be0a814-d505-4f06-bab0-431052339558,ed342b4e-9e50-4425-8dcb-f619e81750bc,3,7,Tuesday
8b70f17d-73f7-4d56-9938-9838fd23cfa3,6d502ffd-6059-4e14-af90-fc0fd5a30efe,1,1,Sunday
9c6fa451-3cf7-4b0a-8e08-7061a94776d7,c4ace7e3-df8a-4595-8a44-c815b50d4eef,4,7,Thursday
c334e3f0-d2bd-49c8-8f8f-c5c391e32404,fec8bdb2-ff58-4726-86a8-4022d84a3562,1,4,Saturday
108d70aa-76bf-43b5-b54d-a38d4bd7b499,49bc56e2-9521-457f-935a-460f52644fe9,2,4,Monday
692dc2a5-5e7c-4c57-8df9-78fc8d247cc6,1abb54a6-7236-4960-adb4-2920f760b409,1,5,Sunday
1cdcea95-d7f9-492b-97e0-5db9d58764d4,dbab1d65-7ab7-42d6-bb80-1162713d5001,1,7,Thursday
4720f2ed-f384-4d5b-8343-b3ca2a831261,71f2457d-47f7-4f2b-9cfe-255965922959,2,5,Friday
abc161b6-022a-4e3a-a427-b07145f0cbdb,26eff845-230c-4c9f-b25e-0297f7d1b231,3,4,Monday
72106893-b1ec-41b6-9545-1875f2301893,887e2fa6-f84b-401c-bf58-a712163b522b,6,8,Friday
d5827d12-19d2-44f7-bdde-3c37d4fc37ee,58b8e116-3887-4d8f-8a25-d88df4ba584d,1,7,Sunday
4bdfd53e-1f75-4f84-9aa4-a40c77af49c8,bf44492e-cda5-479a-8786-0aa78a538760,1,9,Friday
7ef60e99-d888-4cbc-9b08-4d1cfa197a1a,e8550bf0-0ecc-46d6-99bc-bf7b8835b046,1,8,Thursday
14b49c40-b4e8-4e5f-8830-d0aa604fd3f7,29ab0562-1b65-4ce4-b2e3-e51a99be84e7,5,5,Monday
595870c6-42cf-45f9-88ed-0a3d21e4666a,490786fb-d017-4016-84c5-82d561e51f1c,5,5,Friday
a5784523-e57f-4e7c-b5c9-ff50d63ea684,74aab891-bbc4-4043-a871-e15a06c10c8a,4,10,Thursday
9ace24c0-f5b6-4b8e-9908-3667fa75fe9b,41f5bee8-7ce1-4db5-b3c2-5fc4c9c3ad4f,2,7,Sunday
959e3c82-1f81-4eb0-9bc1-62f2f85b98cf,945e6e66-b378-42c6-9a8c-9d056a39b0f8,3,10,Tuesday
bdd1f211-e4c6-459a-8819-f38f724e838f,11a5d7f8-d94f-435c-b7da-29cffbbadc96,5,7,Monday
44907769-5311-44cf-9b32-c8fe89eae104,77787447-10f9-4bac-bc14-5a431e2ae3e3,6,4,Sunday
024ee2b2-3a7e-48e7-9b24-4f3092870bf4,b8d1e328-5e6b-4aa6-bf00-82504f70145e,1,5,Thursday
864c4a76-9c26-48fc-b76f-dfd9d5213a59,cb640992-6b5c-4f81-88ab-8fd211447429,1,5,Friday
372f6db3-a828-4623-ba78-ab747c8435fb,ef4beaab-5b1e-419f-9daf-5d932b263056,5,8,Monday
a0ab6a21-0e8b-4576-a21d-a21eb2de77d6,3b4e94c6-43f0-48d1-a824-24017211d980,4,8,Monday
cfe871de-9add-4152-a5ed-996eeca9b0a0,7dbb7f9b-84ea-431f-811c-328f8642bf31,5,3,Thursday
3be01cdf-97ee-4350-8f8d-3a75b353b53e,9dead7d6-8c07-4cea-9a0d-3fc2e98df7a2,5,2,Friday
12d4dde6-c12a-4d3e-9a3b-1bdd3265bf7a,45b70c27-7773-430c-b2f4-3aae53fec828,3,4,Sunday
f175cae5-46e3-4427-86ce-3d794e01dd77,945ab7b7-9d28-4c2d-b372-a8e375810844,5,2,Thursday
f5292220-0efe-40ac-bdae-383c0a83bfa1,0ac287f0-3b7a-4f65-bf07-c55f9b9c83cf,5,9,Thursday
8f353038-3372-406c-adfc-fc49ea94d8e3,338433df-6d8f-42df-8c8d-68c18c59054f,3,7,Saturday
eafeb353-ea3c-4859-b7c8-74ce297dc70d,af719bc4-e359-4172-866e-46fce8f19804,1,4,Wednesday
691083d0-82a4-491d-9342-27c8bf55383c,938c9bae-1685-4154-9775-c3358357f399,4,7,Friday
8d0eab9a-d979-48fc-abde-64c355e92d07,cb4caf18-23a3-4c9c-ad7c-9e7918ae1e90,6,4,Thursday
4d139d54-029c-4eb5-a399-97c01a74adb5,9b3658a5-e282-4d9b-97f0-f5d7f0ab8bd5,5,5,Sunday
2996d2ff-c3db-4652-96da-20849fd666d7,4643a68b-6895-4d3d-9634-75346a568be2,5,2,Thursday
c5a9cf1e-cc3c-4581-a21d-f49bee6d395b,79e61257-dba4-4c01-9e54-bb1a904fe6e3,1,10,Sunday
2691fb15-4acb-41f9-bfc3-9ed03bde3787,688218b0-efd8-4f8c-aa98-752739f89963,3,2,Sunday
d975e974-940e-427e-829e-689a49f5879d,939ec8ed-8b0d-45e3-990f-c03288c567f2,7,7,Thursday
1d39f510-bbc2-4e22-8503-ae8fb2ef44ef,f5995467-2bd2-4183-bd90-684dab57ec59,2,4,Friday
79168502-21b8-4f81-9134-3ba8dcb80207,f129295d-a9cb-460b-8c83-ca97c347e88d,7,10,Sunday
1c24e195-e9f2-43bd-a618-7adf0b5e4b05,d18727fa-185d-4a2c-8d75-0b296239c7e1,1,10,Tuesday
063fb520-3f1b-4c9d-a3bf-61312e7a38fa,4dbd5f68-b5ab-4049-9d68-f4b72de0a305,6,8,Sunday
b5ece943-06af-4102-a27d-b5f5c5fe30e4,fbf72941-9c1b-4bd3-b7b9-fa0a8f7422f3,5,8,Monday
0bb78f63-6d7c-43f4-b63f-5111e29c20f0,75618192-5ec9-4a5d-bcd8-649382bdeced,7,8,Sunday
0e89ba37-8905-49f0-a8c0-825642b4de36,da504731-ff99-49a1-98c1-b35e409fb616,3,9,Sunday
d0839e15-0200-4a41-b0b1-8c9aabcc8ee3,7cb0f2e7-f3a8-4b2d-a623-0074b6dc51b1,6,5,Wednesday
aa9af3d3-83cc-4349-9167-59428c6bda77,4fa4cd48-fc90-48e1-acdf-563ab0e7cd39,4,3,Thursday
c6408e78-36bb-49b1-8e65-4538cabd005b,4bc7910d-368c-4bf0-8f9b-95eade710e04,2,4,Sunday
31b1c5aa-2376-46d0-a112-583f54b6b62c,414cd852-a5ee-4d70-a5c7-a345791388b5,5,6,Tuesday
7e9c569b-9969-45b3-bb4e-9bb0558d29f5,816de365-740b-4fe0-92d1-6c1f6c5c7ecf,6,9,Tuesday
a17be952-aa53-4209-b741-5d9f9f896fff,c8f7f23d-98cb-4a92-be59-54c3949f917d,7,2,Monday
aa3e3ab1-a04f-469e-b800-223a5d7158d6,13939d53-e8e8-4165-8db0-e9384b6f5da0,6,3,Thursday
6c58d325-129a-4287-be7c-b31fd71fe764,0c971465-051a-4c59-83db-84b6c1508d6a,2,8,Wednesday
17fba949-1fa0-4779-b14a-d40e37cb8ac5,03f5d4cd-8235-4997-903e-87290a47a899,1,2,Thursday
539c823b-6342-4d90-968e-26999545b06c,9f698d52-f482-446a-a634-7d958f2b87c5,3,9,Monday
16eabfb5-6a5e-4cc2-9e96-7bd1f335d770,3a179f33-0d47-434f-a2f9-5a54c5d1630b,1,5,Wednesday
1b6ecd47-7d44-4317-8fe0-e517703db591,29cc27ae-2d7f-4be5-8196-cbaedac81839,7,1,Thursday
bf86ce1e-542d-4b31-bc69-1b9858457baa,b7ccbcf3-0c59-409c-b33c-b369c2e419fc,6,5,Friday
8624bce8-6105-411a-93d1-343054cacf47,d8ffa694-ca71-42f5-ba83-6fd25eb93e1a,3,2,Monday
94f50901-7d34-4e84-9b5e-374370881f38,c2a36404-d555-4ee4-9ecf-0e037719d618,7,3,Wednesday
72b341a8-71a5-4f33-9169-35bb8f7cca0b,b13e53f6-96ed-4bc3-8cd5-004904882b45,3,7,Sunday
42cff824-8049-4d7b-8fe6-0c1efbc81db5,5505fc4a-f0b5-4490-85f0-0b9ddb1704e1,5,9,Sunday
f5a20e33-787c-488d-9bf0-b9e092573753,e9969ea3-b8ab-483b-b93d-4970e0ff1113,7,10,Friday
e114789b-d108-465b-aafb-4a7fab3a9254,2359870f-989f-4d22-b613-79a9f1282f58,6,8,Sunday
31ec3337-548f-4d3b-a486-4d0257a42b86,f8a4768d-cc7c-49af-ba8b-c1b5d1f0dd32,4,9,Monday
1e5dd047-0e69-4696-b8b3-153494ab7657,24663c65-5acb-46bb-9f5f-b450b7354125,3,1,Tuesday
95643317-fff7-4efd-a480-914827d99c55,9d64d07c-e3d1-4e69-8ffa-4051a932f84e,6,3,Thursday
416284af-4f76-4674-9612-7e8e3c7b1728,ece398bd-43d2-45fa-8675-ef3cae4fa218,7,5,Sunday
01c784e3-3f66-4efd-9ab7-75812a8b0969,d21f3c00-bb15-4f5d-9498-bd8f0771031f,2,1,Thursday
4392af25-4d7f-43a0-9eb7-e73f5003be90,74451186-cf02-4980-8ee3-cf6b6e0066fe,5,5,Monday
19eca2d5-4d9a-43b2-aa16-383a4a8117cd,d4395b95-30cf-4bf3-a2c5-c17dfa55ee76,4,5,Wednesday
97d90d36-90e0-4489-8600-ebf0227cacc9,fa5b2369-4619-4f8e-b874-429d811e0da2,1,1,Saturday
85cb04c1-dcba-4f83-9906-131b24f7b72c,2f0d188f-8f67-4f05-ab34-946d9a730418,7,5,Wednesday
69e3cace-b3ae-48fd-8913-ab4d91b3b9b1,9cdfb609-7bee-4982-a5a6-8ec17e53e37f,1,6,Monday
cb07b852-e600-4883-a311-9ad767d7bf59,1f722543-d8a5-4af0-93bc-e3862fb286af,4,1,Saturday
8142b75e-c0d6-4cd7-9f54-4866a9bf16b8,d630fbd3-019f-4dcf-b84c-d9fa64ae9d7f,5,9,Tuesday
a0fbe1a5-e25a-4bd7-a637-730fe57e151f,53c7c4d5-5f6c-4fd0-a2d6-a0a97f620806,1,1,Saturday
ef50e4d1-7726-4959-9075-72775b84eae2,18ece86c-9293-4b23-b09d-494c63183a53,4,3,Thursday
8269902b-20aa-4f04-9624-26c4cd42d9cd,6bb3f751-bbe8-4d94-98d9-0c694ecdbb54,7,10,Saturday
a5beaab6-1f83-4a1b-ac3a-735f520773bd,452b0f9c-0ff4-4705-ba33-901af2a50c92,7,9,Thursday
8720d2ae-4eb3-46ee-8e02-dd21e5a41228,ab2d4aab-9645-42c7-96a1-268758598bab,2,9,Tuesday
49509449-992c-4865-a666-e9ba63565c85,8eed5fa1-2f70-4025-9826-a98dcdc87869,2,7,Saturday
59dca092-376a-47b3-b18c-9654935a2097,614a2d57-febc-4a43-9f60-12aef3d2b859,2,3,Friday
3950730c-90bc-4806-9ccd-1048cc5149b5,9d73ead8-9ebe-4b4e-a738-4016b6f97edf,5,1,Wednesday
fd13768a-c593-4fdc-998d-738ddcd404b6,ec5c4672-9162-4b6d-948e-5cba64f9c6ac,1,4,Sunday
1e725979-bdf1-4a82-b104-686b45464788,2c7c3f66-d87f-4b04-bb43-c6b9ca646c41,1,2,Tuesday
e95c27a1-1979-48e4-8a26-7d7addbaaa06,eb670069-bac0-4c9f-a3dd-821c9f6c7e10,6,2,Wednesday
f6db0770-0cf9-44a9-a7da-03d9c17d8a69,5e51b3b0-77fa-4864-95d6-163e66e9e194,6,6,Saturday
424c27a4-3324-41c5-9d78-09e8a8389179,8ebe1c15-4b30-48d0-9677-258dd5ec4e97,3,8,Tuesday
9ea6eb69-2332-44cc-bc42-62a69b679154,eac2f5bf-333f-4b51-8adc-0cca5960407a,4,1,Friday
56da5494-6f02-4c63-a907-de029e60cd6a,7aee71ff-1473-4269-9054-7451dd801a70,6,8,Monday
c3e5800e-7093-4950-962b-408c0f85e174,54e4d867-4add-48e5-85f9-dacc9c0fbee4,5,2,Friday
cdfb3a9f-d6b6-4e97-9651-b8c39e8e2c0a,1f958a39-7e2b-412d-a246-a7af3eb6bde6,1,5,Saturday
19e0e5de-f2b1-4977-bd56-e75ae4369ebd,006fe83a-9874-40dd-9082-f51ef4a7edfc,3,10,Friday
fb399d19-235c-462c-80ad-070be9e3e398,791c1ded-083f-4058-aa86-0f3828144c7a,6,9,Thursday
8e0ada6b-5052-482c-8dc2-d2bc98161670,0f0908ea-c7f8-4fda-8956-2593d96826c8,1,8,Sunday
d5df3416-0b58-4d6d-95a2-7ba7de57a4ef,faca0de6-69fe-48c0-9e5e-cdc59afff413,7,10,Tuesday
73ce2ccf-5603-48d5-b278-cc0e449ebe0c,7f76abe9-8c40-4b28-80c5-9deffd6c4d1c,7,8,Saturday
fa61239e-88e7-42b3-9855-bbb55d71d937,d7aeab51-3a2e-40a4-9154-c2c02c46c60c,3,7,Sunday
b5a98f66-4eab-4ef3-911b-6a74c1973b88,593dbe3c-72ca-4f40-ba72-ce1cb59fc01c,7,6,Friday
14b40957-f742-45aa-89de-e08edc00c0c9,6a8b070a-9393-45c5-99f1-a5ecb4dee0ac,1,9,Thursday
31571623-51fd-4bb4-bbf4-110ccae41ec2,aa87749d-f6c9-4f88-a848-c62c7b9ab5bf,2,10,Wednesday
db22129d-9946-4454-a8ef-526da0cb6fae,0f38c6c2-e9cf-4011-87ca-63bdbab63bdd,5,3,Tuesday
cce58901-d45e-4921-9660-e9a249b698c4,c0128329-8b45-4e74-9c5f-c906dd64fa53,1,6,Sunday
eedee82e-18b7-4366-be13-7c264b0c76bb,b42ea34f-aad3-47b2-89f1-33754fa97df7,1,7,Wednesday
f59b9f17-c83c-48da-976c-99beb137ca02,00153481-631a-4b68-bc08-9fe05cbe5d31,7,2,Tuesday
136c48a8-d4d0-4b63-9380-0ea66767bc90,da372e5a-ae87-44de-be11-051c5cba964e,2,1,Friday
bc69fedf-45ee-4291-a1d4-3c4460a6b75b,efee9d8f-d084-485d-8543-ad77bb05a79c,7,3,Friday
c6689195-1adc-4b9a-9ea8-cd2e76059027,6496d67f-74e9-4ed6-a277-9303a00689a8,3,6,Wednesday
6d492f50-69fc-47ce-a9a7-a8212a65295b,f8ed0efe-0785-4484-a772-d156305c2255,5,8,Tuesday
2697a801-8351-4153-8112-306855eb07ff,d54272bf-f0f3-46c8-a9ab-b2721b6b713e,5,3,Tuesday
2dab7c78-ccee-4fcc-ac67-755a324365e2,e17af2eb-0495-4f36-9472-75d4cdf7d5ac,2,7,Saturday
c008bfab-e4b8-4c02-b49f-cf126d91258c,1dcc1bb5-4b3a-46b7-8c68-f6bfe364b5f0,4,7,Sunday
f17675c6-1f58-4af8-bbe0-63c0c11b5a17,0c7cb99e-03ae-4161-8d70-13532f762b3c,3,9,Sunday
a76fec53-853a-4a49-a005-baabb8e2dc9a,6adbcbed-645a-4f76-b131-46b94071e3c7,7,9,Friday
502e556f-060c-44e3-ab1b-4f7c4a0ee475,c17b1304-b363-4fae-a811-b851116fa375,1,1,Saturday
d986ff4b-303a-4c6f-8105-95f9a1fe259d,aafd9162-edf7-4a4e-9e57-8eb9c715f48a,3,2,Monday
28e22bbe-5c7c-4335-b2cd-6cffa1b735dc,f050d371-a3e6-41b8-935c-c29940922ce1,6,8,Sunday
9e9fd9a1-2b09-4285-b33b-0036ab3fc543,7d628203-ace2-4adf-b753-1e92b00ca7f4,7,8,Friday
22485535-f20c-47bf-b802-3df379c97443,e6c4af11-0bc3-46e0-99ed-6984fd612aed,2,4,Monday
b2eaa25f-2eb0-409d-b06c-b55c6fdf6b13,5be563f3-e1ed-471a-9f07-7126caa3483e,4,8,Monday
f2a1b410-2dc5-40a8-8430-4328c0785406,1ff14599-68dd-431d-a053-ded1ecc70dda,7,2,Tuesday
7a01d687-6a11-4e27-8adf-3fccbed260bc,b1a6c4df-d2fa-438a-9a21-00d1ffb18976,6,1,Monday
92eba81e-aa81-448e-9fd5-16a8a7ecf55c,ed05d46e-a48f-4a26-ae44-8893333857f5,7,1,Tuesday
8b6f2a3b-66a9-49ae-a42f-95ac3c9a02fb,612ce121-7788-48e0-bc06-e984c11c4e0b,4,6,Tuesday
e7d48488-1a21-45ac-a657-7481b54ea181,c94201ba-0389-4cc6-a7e1-301294ca8076,4,6,Wednesday
87805e7e-aaf1-470e-9d7e-c9afb3739930,68254e62-75f0-4b47-96e0-0a3072d9f720,3,7,Sunday
cd2e5fa6-8242-4803-9260-1ea1f2bbaa39,b49a877a-0f1e-4872-9bff-94bfcfefad07,3,10,Thursday
d856174b-78cc-489b-aa54-2450c307a509,66784ca5-673d-450a-bcdd-9db6e468cd50,5,7,Monday
df320a10-686a-462f-87bb-26b28cc3a4e6,06aa0879-5f50-4291-910a-ea93baa23298,4,4,Thursday
3648db95-905b-4142-852e-465d6f146946,bc3a2596-9f02-46ab-b594-645b18e4a14a,1,2,Tuesday
6a29c850-4a1c-4e90-acb0-a419de02c0fb,779d881e-d6d0-4874-82c8-19a0c8edb759,5,1,Tuesday
d25022ef-1af2-447f-9dd6-727fff1b6813,3731a2a8-d060-47ae-90bd-fb8d1fba1cac,4,1,Friday
5b1c5b17-de2a-4ffc-98c8-a12cd7737513,3067209f-53ac-4107-bfdc-7bd6962d7a02,4,1,Wednesday
af317468-481f-4faf-ae0a-9abd676eee70,e651e0b4-6ee3-49c6-ae39-bc9f012dbbeb,5,3,Friday
c9186bb4-59b8-4812-8ed5-65df22e0f56c,eae7e047-b963-42b4-bd1a-d038d4a9f5ca,5,9,Sunday
dc2c1db7-eac4-47ce-bdf6-a5ab0bfde677,a8d71f8f-7cb1-457c-b9a3-cd5d98648226,6,7,Saturday
3e18eb03-56d3-4d5a-a297-9908792ea1f1,23fbd388-b878-47cb-9993-9765c528e974,4,7,Monday
4013a5ba-6aa2-4b8d-adee-aebe80884ead,b608ec32-ae6a-4b98-b73b-fb6ffda9b8ff,3,6,Friday
ca066bb8-d518-4b15-b3d6-5813325cf265,49296654-710c-4023-8034-8d454e69d849,7,9,Monday
e47d51ab-ec77-4318-a74a-a4eac5e78723,071fc82d-265e-41e5-9cf1-3aeb9da5a1be,3,5,Wednesday
b870fcb7-8ee9-4a5b-a857-07e3f5dab874,c08c3b4e-866a-4318-a93a-143554698afe,4,3,Sunday
8de98296-2618-4f3b-90bb-eb326dab1234,6730eb8f-93d9-4274-9964-23e41f3c7148,1,3,Tuesday
87b5c91e-f827-4d63-9932-85d52dbc17a9,f91afda0-4d44-48f8-9fde-56b9098b2e18,1,4,Sunday
1e535855-8885-4dd2-8b23-a956688e479f,7c5df25b-66fd-45c6-a7a7-2e09dee0386b,1,7,Saturday
500690d0-0974-45a0-a4f5-a9935018a140,42213727-3756-43b1-90e1-3b13b4c8d0d9,7,6,Sunday
55700f08-7589-49ba-b646-012f1627f4d7,0383176c-2fe0-4c7f-a76b-3e414dd74239,2,6,Monday
99ff16e3-753f-4f2b-ab6c-512371ebd92c,92f1df84-59c5-4278-9be9-67686565ebbf,4,2,Saturday
2b9c1f59-af4f-4924-88eb-c7bccf70ba34,22efaa89-81f2-439a-b093-c74df68d0577,1,4,Monday
8c37a425-e435-4cca-90fd-d8fcf5ee7ff6,9743204e-362c-46f9-bd4c-9a7a64276dc6,2,1,Sunday
65c5e44e-e03a-4f4b-ac4a-e91c0a124ada,526a79e8-cec4-4b55-98f9-82fe03cc0df0,3,7,Saturday
6ca8f8b0-a8b6-44f6-ae69-0ef06c1f945d,a0bff41a-1ea8-43c5-9b49-11a6830602a1,5,5,Thursday
8c9a734f-2f73-41ed-82f5-0f8fe0067db3,7a4ee28a-e9eb-403c-afb7-08f48efaeef9,4,8,Sunday
6ac18ee8-417f-49aa-84d2-4237ffec54db,7e299011-cbc6-4886-95c4-831e1748cbb7,6,9,Wednesday
3c8ef8c4-adb4-4eab-b478-863b6229cdf0,60e0dc0e-8b29-40d4-844b-96c39bcd175f,5,2,Monday
e884516f-9585-4ec2-aa44-a0c1a1c5424e,d2b58d47-02b1-4e25-9ac0-a7cce8702cb1,3,2,Wednesday
63410fac-4d40-432a-b06a-15a0e4640cf5,aec00729-f568-4a38-a983-3e9e58ed635a,6,7,Friday
b2335a7d-1b8b-4e41-88fe-df193eba4aa5,e9aca592-da34-4531-a680-a082149ae4aa,6,10,Sunday
0f200c23-7f1f-41dd-8843-0a00da884862,cfe9d611-1afe-4399-bcf5-2da3f9fa7816,2,9,Wednesday
c06ba5cc-7602-4842-9843-ab66dc909c62,a1d616bf-0206-4b5c-81b4-e6db5ceec53e,1,7,Saturday
d472ea2a-4c9b-431a-9a58-f464bb06f55d,03b502c6-b346-40ce-8ded-12b7f0d9a88b,7,8,Saturday
bc412cc5-550b-432c-b614-e863371a466c,7ad3ceb9-a5a5-4594-b1c7-d73010c2437b,5,3,Thursday
d713d9e4-b928-4723-b2ff-754087094c8e,f97b48cd-f63c-4da9-a2e9-cc6ecaf04faa,3,8,Sunday
970dee22-f44a-4cfa-b5c1-a233955a6754,17440e15-a363-41ef-a55c-9daa3672ebec,7,5,Sunday
7edf7097-c4d2-44d2-8d5d-53e562f66979,4b331374-be68-4f2b-8629-84b33cb3e900,1,5,Saturday
b3a0cf4b-d9ba-4ce3-bd31-25c768010716,f6c9b5da-8adc-4cf2-b9bb-d1ca27f1e011,4,5,Tuesday
076b44c7-64c9-40c0-8d5a-f22f305f32b6,861d99bb-b296-454a-a9d1-371323d6485b,6,6,Saturday
34f53648-077f-4696-b57a-49fc79416e6e,81899b58-34ac-4932-81ba-47734c22409d,6,3,Sunday
dfa240bb-1dce-44ba-befd-0b8767842fcd,88666882-48a2-48e0-adfc-080bdb8b4ff6,7,7,Monday
e138949f-2761-4387-8edd-be69a85145bb,a3a656ec-2353-43b9-801b-ce483300c122,1,8,Friday
49921cca-45f6-4fae-b648-17d0a1d5c0ce,8d5d2c7f-f76b-4d26-897b-b4467fe5ddd9,1,8,Tuesday
88d2e008-0d4b-48ed-8255-c0c3ca0ea4f1,ab65e970-aef9-4d65-b5a8-e67b5852bfbb,5,10,Tuesday
66c00637-4695-4d38-a317-16143119a5e7,5db88deb-c94f-4cc9-8847-d659c58b6c05,7,1,Saturday
af3f3cf0-137d-4d0e-b47b-a09e942acf7a,7e4289d4-6e96-40fe-ac9e-9cb6bbf71366,7,3,Saturday
7aa01852-a5be-4a52-b9cd-c4ccd3d9cc3e,c46d4202-15ea-434f-9ac3-725046f406ce,1,9,Wednesday
161d8d5c-5349-4dfb-b54e-409859c3a458,20dc253a-348d-4a4b-acd6-1efbd69cae8d,6,3,Tuesday
a659baba-2ec7-4f46-9738-94878831840a,de9d58e2-6d3a-4b79-9187-3604bccdf2aa,1,7,Thursday
ad446ea4-81ff-4228-a49b-85e498bcb3a0,b01092a3-a0a1-4078-9f84-6571646c1dfc,5,2,Saturday
37a8c25b-ffaa-4b6e-a7db-e47b565c65c6,56ff54b9-8f4e-49c6-9f8c-a3e1a1e246b4,7,1,Wednesday
e7e2401a-4703-4d4b-8f7e-345f3440342e,ff5e2682-8a95-43d4-be2e-9e9799442324,6,7,Thursday
b776413c-4f99-4219-a241-3145de16db92,11523e6e-21ea-42d6-bf24-18a5c0254304,5,10,Wednesday
f3abe440-86c6-4982-9529-1392d19e618b,3f05f451-ae1d-4e1d-84ac-577ece91dfc6,2,1,Monday
a3bbb2f0-b84f-4e4e-a784-c436cc9ca45a,1f6f20a0-11d1-4c5b-a781-6423624ddaba,4,2,Wednesday
1c402f47-253e-418d-88c2-5dc40f742e81,a8289637-c151-4da2-9a1c-a0cbb2e468d3,3,6,Sunday
e33ccda4-e76f-474a-b2e1-5962ddfda664,462b7f65-f105-4502-8075-2cf194c3df31,6,2,Wednesday
340338ff-a4e1-4cdc-8e6c-0a220d40e6c7,85a393c3-c1f7-4cdd-a74c-039ef1990b8b,5,6,Wednesday
a6015dfe-f949-4b31-a686-f43612405a52,210c4d70-7f33-44a4-bb83-dcddfe417987,7,4,Thursday
da76b5d1-b3d7-4338-bf06-4b4f019ce7b4,f715755a-ab1d-4a21-8bfc-294633868027,2,4,Monday
0d0b4903-0fb7-4452-8175-36d23fc89add,4c7b9832-84c7-49da-a049-48aae33ad74d,5,2,Thursday
05d7fce2-0de0-4342-b77d-a1dcbfe621a9,99ca56c7-e6e9-493d-8e69-151f2daa14f5,1,4,Thursday
9f606113-ce11-4699-af6e-79fff1fe2831,5282a518-fa87-4cff-af67-c884be8ecc93,1,4,Monday
4f89ae8e-664d-4144-88ef-f01d30a4bb51,bba73822-6f91-4109-bb3a-5858fd2868f3,2,3,Saturday
c21766fd-5044-48fb-8305-afd8310b07f1,37f02295-1299-4316-9216-35a0a098be25,3,10,Saturday
a0c636a1-eb23-42e9-b2c1-4278a3369b45,66b24bc8-dd49-4606-ba95-06c1845f6061,6,8,Wednesday
fb53f7c6-a7f1-41d6-81c6-8c764842c8d3,0a758f7d-2925-45f3-8db9-73fc3a1bf535,5,8,Wednesday
f18247b2-1263-4d45-8317-bbd701c80e4c,d4575f47-567d-4688-8253-5a3346c2fd8c,3,8,Thursday
9ecc0412-7486-471f-9873-bcef8b49d691,76a24cfb-45a7-4e16-940d-9251c5dd880c,4,8,Monday
c9562613-bda3-444b-a699-0987f172480b,1b1eb02f-91df-4770-9101-3bac889b43f5,7,1,Friday
56b22519-da25-4f77-9f36-ae38ac0388c3,ee84e782-9569-403c-ab30-bfa0671c9b0b,2,7,Sunday
f52f9749-bde9-49d1-89d4-785d004b64c1,60130803-d346-42d6-9528-92a27526f128,1,5,Thursday
9ad3f849-0569-456a-aa24-95329231eaa6,dffc268e-76a1-4ea3-888d-ad6e56efb030,4,5,Tuesday
8a19c77f-3bad-4970-b828-e990f9b99d62,7cab4b48-66d6-4e95-b5bb-6eab5714be02,2,7,Monday
dcdbb75b-b8ec-4b10-a0e6-4a99fb1f816d,07bb96c3-dcca-406a-9984-aeaf79e65ef3,2,4,Saturday
0c9f22f8-e8d5-42dc-9d96-713bfad35453,175c05dd-27e7-4637-ba81-11aff913899e,7,2,Sunday
ffc90dd1-6c6c-4ee4-9f98-668d74b69f61,bbad69de-1a06-42cd-984c-7c2a6416546b,3,7,Sunday
ee25f84a-d95a-4f3f-ae7c-2d95a2b4df5a,b62fdf06-bfe4-44bc-ba98-00a25c25417d,6,8,Sunday
6a5f40c5-05a4-428e-bd9b-73afc4145421,e9dbd28b-c761-46da-bcd9-d2853ed0ff4e,5,6,Sunday
40407edb-b41f-45a7-a7a6-98aa869b2c7c,73a2edc7-0fea-4d3b-81aa-c56cdf801944,6,8,Sunday
891ec9ae-a375-46d7-99fc-1ebd21d28e17,4f17ff4b-be69-4f5b-8760-5e39d65fbd0c,5,9,Saturday
837bec20-8ca0-48da-a0b7-fe1410e76225,bacaf0a6-042b-4de3-8e0d-f82825ca1d71,5,9,Wednesday
883b9aa3-2385-479e-bac9-50ae8f5905c8,78634d82-8071-4805-bb9e-e1be7803c83f,2,7,Wednesday
248cd253-1197-4a0c-8706-ba6dd733589a,82466338-2325-4b91-8fbd-de9c1544d9b2,7,5,Tuesday
3130c3bd-aa23-4441-a97c-5e5f6e721632,eed74d03-ce61-4779-b408-8615d784498a,6,2,Friday
e3e7f8c1-d85f-4c54-96af-db05222e8bf0,0e8a720d-3c73-4538-a11d-34d8848dd60a,5,2,Friday
83881b2f-991b-4647-9a67-66574f2f678f,ff3c65f0-3a30-4cc2-ab17-4360a1625167,3,7,Sunday
55b66a88-1855-42e0-b585-43df22515d4e,2d96863a-2731-4993-a334-c1324d0e58f4,4,9,Friday
f0b387d3-3436-4210-a894-3acaae408b1f,f3e3b683-f454-4aca-90b9-dcc78021c3e4,1,4,Sunday
95c096b9-29c2-44cd-922a-1f0bbf48b313,1e4c5d14-45ec-4357-9180-792bd0a7cd4d,4,5,Sunday
8c423691-9dd3-4c85-ae49-12358fc3dc98,a6cc77d0-6a47-49be-89cb-3cc05f6b1b63,7,6,Thursday
7bd37a01-d36b-485c-ac0f-da6fe9ad3efd,f14b7320-8e59-4720-a15e-f16a12d8094e,7,5,Sunday
abb15a9f-baf8-4bf9-af1c-e76a0ed5536e,3c1d43fe-aae8-4733-bac4-d2a0f07408b3,2,7,Friday
e33a7280-0af5-4275-9848-7d3bed155f32,f4d32de9-0bd3-457a-a893-e2cb982b2660,3,8,Wednesday
7fada0d1-5dc4-4b3c-b966-011dffc49c07,05eecf47-8a81-4d1f-b7cc-4a55ee77f1ec,3,1,Tuesday
57e4b4e2-5380-430f-8955-6c7a861678b0,84f7fe7c-56e7-42a8-b3f1-10e126e8f18a,2,6,Wednesday
d41bf262-37c2-404c-87c2-626262b09498,db95d678-a6ae-469c-8264-d65f1b44051e,3,10,Wednesday
d89f7737-b77e-4065-9713-aefbaef52605,321b2592-47a9-4fe8-b11f-b0e01c834e74,6,10,Tuesday
db194c9f-a59f-4e61-a5ae-3b17c133890d,48ee3581-e700-4d7e-bb98-b88276e8a9b9,3,4,Friday
3e5cb7e4-3fd3-4073-ad2d-84c95ee1a18b,8cee7763-9b0a-4a48-beea-7c1e8ac9539d,6,6,Tuesday
3bd8e9b0-5e44-4efd-9912-85a4cc1a957d,c1487605-0e21-4715-85c5-1ff2f036e963,5,6,Saturday
ed502b72-04f4-4b61-8e97-48b3a1249a5c,78d0cea7-1287-4cc7-a589-4e1167d832d5,6,4,Wednesday
ab7e8cf5-66ed-4a44-b09a-b8ff171090c4,cbfb9fa9-3694-4001-aec8-cc13bbe9dcbf,5,8,Thursday
39f6ba75-337f-456b-a3a8-a86f2819a3a0,78151e6d-1160-4ea1-a4fe-55c49a16eed4,5,5,Thursday
ff99c721-b6b6-457b-9efc-477602bfc8a5,4e787781-26f8-413c-bdbc-7ec386b29c67,4,6,Wednesday
a08acda3-cc45-4bb6-ac4f-9ce5cfc5ec44,50f517e7-0d50-4200-be02-95a3dae7c1ba,1,1,Thursday
03c28e3f-dae3-421c-a053-c054970f14ae,b3869146-f8b9-47e3-b80b-b47fb5d39cd6,1,3,Thursday
2280547e-d9fb-4c63-ba32-557c4440ccf5,249302dc-dbc1-4283-8d82-065a28acfe76,5,6,Tuesday
9abe29d9-d00b-4dd3-9ca2-1982bb729b05,69cfef5d-bed8-49f8-9b96-57fb8f1e5cf7,4,6,Saturday
02a36724-84e3-4b97-aee3-f999d8926f20,7cf15cbd-ae26-464e-b490-71519f48fff0,4,10,Saturday
f78e1f8e-66db-4667-b57e-d551eb9844e5,edc2c218-e1f6-40c9-b503-47e7361e8891,7,1,Tuesday
b0e98d2e-5f0d-4771-a533-2745bfbe0d45,21f04d9c-c952-445e-9453-f077007b5144,7,7,Wednesday
597d6d21-0a2a-4fba-8779-724094f27cf6,e0b572b0-2354-4e6c-aea4-e9756d123a5c,1,2,Wednesday
b3a80a80-f5be-4e36-96c2-fc5e1a3b41c1,4bfb8a2d-aafc-4945-a9f2-e90c558a105c,2,3,Thursday
ae91a5fd-924d-475e-90bc-bf5f5b1ea90e,e2f40c8b-d0de-4d13-9e2c-bd87a6131cc3,1,6,Friday
f0fffb97-e200-4554-a7cf-d7d29b2702c0,d809d135-bcc3-4df6-a4f5-e002ba20f0ca,4,6,Sunday
a665f379-460d-4494-a3e9-2df82a5a998a,8ac37cb9-4200-46a4-a26e-d38f67cde39c,1,2,Wednesday
db0fa423-8ada-4e97-a713-c532722cbc16,b585f078-d1c1-44a0-9919-1502cb58f9eb,4,10,Wednesday
f929de0e-b4fd-4df0-9c91-5c0f2081838b,3557188e-4da1-4e8b-a816-2aba840f83be,4,7,Saturday
f0de1392-4340-46e9-9cd5-d5929ea2968f,0e0718d8-a825-447d-9d5a-6ac93e40e049,6,7,Sunday
c413d026-c0de-41eb-926f-901888279e0d,333ae473-efa4-460e-9b36-01c2604c83e2,6,6,Monday
d0dac607-74a6-4302-8a60-485fa6d21623,3ba0e9cd-967b-43b1-9fb4-63a68ce61742,4,10,Friday
fd4315a0-e91f-40fc-b5eb-5ee65797b0bd,50799043-7d12-4931-a822-783ceadb23f9,2,10,Thursday
ae9065ee-6053-40fb-995e-3c615ea68a48,b8dee43c-ca29-42c8-b79c-8b2733338273,2,4,Monday
84fcea29-26fd-4a9d-b9a1-dca835aa5d96,9689ea9c-49e3-4f26-a42b-5a0a4a86f0c2,2,10,Friday
af3f5524-8531-42ba-b630-7c589d4bc9e9,936a97ca-947a-4a1e-8baf-ee556e751e95,1,3,Friday
49f4b841-4725-4a8c-b108-47a4383e7db7,e85aea0e-ab0a-452b-8357-2f75934d02ab,1,10,Friday
c95b7d21-8347-4062-9fce-c4e136f2ea99,e5036231-9535-435f-b466-9c5d5e7c1fc1,3,4,Tuesday
588227be-c8ac-47dd-96ae-6bbd4f38c993,3238392c-ae22-4426-9f58-202cd808ccb7,5,1,Wednesday
587973dc-9cbf-4969-88d5-19205df0db7f,6cf4335a-4c7c-43a0-9113-9c14d343ef35,2,1,Wednesday
b2d90b41-1f8a-4038-b68f-ba7ac4885713,0121b82b-1dcb-4617-ac18-d303260492eb,5,5,Tuesday
89496689-e587-4810-822c-d63bc1a02055,0c5e7647-0b8b-432a-9aea-2fbaa12917bf,4,2,Saturday
065b9474-f3fb-45e4-b8c1-c9f51ce0557e,cfb8fcc8-11b6-4ebd-8fd0-7bbaa3e30129,4,6,Thursday
21bf5d7c-bd2f-4559-bcf2-17a0b88acd72,fea6488f-67ac-4330-b539-41b375b2c986,4,3,Wednesday
6a36a1d9-5742-49a3-84e2-77f3d068c3fa,db74718a-6b31-4cc0-8108-24bfe96cda74,1,4,Monday
0fc2a179-32ed-4a02-93bb-8e7cf6656708,19165f95-95de-435d-80d3-5b542f135d2d,4,7,Thursday
d5985264-3c05-400d-b4fd-77002bf1dffd,4f849aa9-b278-4bc1-b676-9f8766714aa0,3,7,Saturday
802c1b5c-dd6d-437a-a5b5-1dff2f87ea07,dc33c0c3-8e9a-4071-a751-c886fef391d8,1,7,Tuesday
b7aee3cc-9536-4528-9ffe-9847adb7fc42,4ad8d7cd-704b-427b-b6f6-80d8099945dd,7,10,Thursday
31c9c650-a03a-4faa-930d-2007d4af219f,40afb000-54bd-4ee6-a264-82d03e4530bf,2,6,Saturday
9b79aa18-4e1d-422a-92f2-61435e738d23,592dd56e-9983-4ec7-84ce-c639933df19c,7,1,Saturday
e297ea0f-be75-4061-87d4-c82bfa923838,e144aa05-6056-4a66-b7c6-d914cfa6455f,2,9,Tuesday
957ac2a8-46d8-434a-bd19-6146a06ac228,80b6753f-a112-4d4a-8c06-bcf97b7d14db,1,6,Thursday
e4c3c7d2-960e-47fc-a305-027016996e7c,fd8d2355-0268-4094-9dba-f2a71ac5ed48,2,1,Friday
72a2abf6-7010-4abd-b667-2455398c2348,85a5702a-0548-43be-96db-1736135d60b5,5,1,Thursday
c15c3a50-cc3b-49b2-beff-277ea37c745f,d38bdfb5-7343-4457-b8b3-3ab1cf3bd953,3,5,Tuesday
42bea3d6-7ce3-473b-bf1d-8499f309953f,f0ddab58-2472-45bf-bb59-93219c5d9410,4,3,Sunday
4de3969c-6a15-4817-ad55-0d730cac7fb5,82610270-336e-475c-94bf-8e8a1e15c1e8,6,9,Sunday
5d6aa4c4-2b2d-400c-a125-4d177edd36f1,ef643a8c-0713-4daf-99d0-a6d2ed2473d0,3,3,Tuesday
56e6164a-02ff-4890-9304-002a7f1dfb78,1fab925f-3a0e-4b3a-b383-54f8fa9e5499,5,7,Monday
7e69dbff-cb51-4d59-b78d-5fbaf0665804,dbf7db2a-38c1-48a8-af9f-6caef9832d6a,2,9,Sunday
de6be848-cddc-4656-bc50-68876c99f18c,4d933830-c05c-4c6e-883b-e723cf0f4886,5,4,Saturday
8a5e0903-e076-403f-b2e5-2a543b1e6232,0e13aac9-c4c6-4a10-8b74-a520532a058d,4,9,Thursday
92d58afb-ee59-4a45-9ed3-1a9a7c769705,58e231d4-20a1-497f-9fc5-2953c4d93e5f,1,3,Friday
aea35c62-7330-4793-b7e7-975379bd0b61,0741b51c-1817-40c5-8570-38c8ef25f716,4,7,Monday
7b65c747-86a2-418e-a758-fe59881fd46e,83f82db0-6c18-4ba1-933c-970464821ad0,1,10,Friday
60ae083b-9e2d-4f9e-87a5-253a742cb4ab,8462a346-ed31-409d-a2fc-18dd80a502a4,4,5,Friday
1dd68ce1-24fe-4597-8779-26a1bb424b9e,60df21e4-dd9d-4c7b-8020-e3dc541530e3,1,5,Saturday
75625a6c-7615-4760-94db-f589d3d511e8,44c1d6d9-8d1a-419d-94a2-f8015968cdbc,3,1,Tuesday
7d214844-efb1-4562-8db4-0b592df59d7e,97f0e4c6-4b57-4010-8138-0e34c3f59f24,4,4,Wednesday
0a68ae7e-0f8a-4017-9661-00c4d70c220a,81691f9f-98f9-49fc-9b2b-71234d106c9d,3,2,Sunday
fc3d06e6-ba31-44a3-b8c3-aa14ff6ab455,0ea6bb8a-f0df-4e91-b12c-a943adf984bd,4,5,Monday
89e7cdb7-5639-46dd-95f0-930f06206e68,947d4b1a-a782-4ae7-bb70-69dd16c25cd4,3,9,Saturday
1bb6094c-4e20-4d3e-94bf-b6fcd7fe9343,180a5f22-ab2d-4fa2-a437-e36c662c2fc8,5,4,Thursday
fa3bb80a-97a1-4168-bf69-3bf15881d872,5caa5ee8-b241-4d0b-b2c8-f4918d7a54a7,4,9,Sunday
6c3aa1c4-4fab-4f9e-812e-49245b68b1e6,e4eeac2a-a694-40ba-908f-a8212385f51f,6,9,Monday
586ffea8-27e8-4c60-b38c-f2d7e90a3e88,4ebab1c7-ba85-4e52-91d5-5aff1dd1d770,5,7,Monday
373e3581-a103-4af1-8129-0c725f74c420,3b315230-45ba-47f8-9857-6fcc3c66b917,2,1,Wednesday
22688618-a667-449e-9d2a-8ff3ae300719,517d4034-5dce-40b4-b28f-9dd42c22db6e,3,6,Saturday
babe6d86-ae82-4402-b06c-3d9b0d325ee0,73827119-48ea-4544-bc3a-912462f2987b,7,9,Saturday
55b39546-5045-4b8d-a187-f526bab79884,ff1170ef-d9ae-4ca4-9a80-bb6f5d6b7da5,4,7,Wednesday
4ecf7464-938a-474b-9eae-355349a99496,f86d6516-26c2-4775-b5bf-d481a84333bb,6,6,Sunday
623f80b0-4464-4911-aab3-2108b2894acc,2ca8e066-a919-4c40-b41e-4749e64d6e63,7,1,Tuesday
c9c23fc2-d5e2-49b0-960d-536319c2f2a5,5de62eb0-4947-462f-99dd-bf2a1e25e080,3,7,Sunday
4a1efb4e-6cb8-41e4-9fb5-48e9a1581236,f764c285-9dec-425b-b9a4-9144f112cbbe,3,4,Friday
ad9773ff-ff6b-42d0-87cb-a90f8a96cd3b,338546f2-6244-48a2-a519-15225e82a292,3,4,Wednesday
5afe5ff4-aff2-464f-b18d-33a8cc696afe,b3aa2c4e-909b-406f-8402-73031d8538d0,1,6,Wednesday
c79bea97-e0a0-429e-8585-cb9e0e4359b2,859fcab9-e848-46be-8a90-cf66797b3884,1,8,Friday
b6e9ce86-77c8-49d5-9ab5-f72de123c741,55edecea-b05b-488a-92c3-3f5c34af2d1b,4,2,Tuesday
f1de3a86-5ccc-4dc7-8e0d-37dc2d0877a2,68c26241-fe40-4481-ad64-5e34fd3e09e3,3,8,Sunday
a24e05ff-c9ca-4905-94c3-21ce8e62eab7,ae423100-044a-4b66-9779-b08a1f10118e,2,7,Wednesday
912b7ccc-1227-44fa-bedd-3d2fd300b741,864bd681-e0e7-41f5-a9ca-379dd495b242,2,5,Sunday
5b0428ef-56a1-4970-982d-03d741a08027,f3425b0e-44ed-4753-9d33-186d8bbde94b,7,2,Sunday
64f19def-3672-46ce-930a-cfdff604374f,e47b3eb0-376a-462d-9683-b82c1731035c,5,10,Sunday
193a4b1f-bd61-43d8-920c-5dc455927362,62d48536-ddd7-4762-ac40-cde513d805a7,4,9,Friday
719edf04-c32f-466d-b02c-5825522a758f,98e0f724-f62e-4668-b8bd-fbc8d7e74b9f,3,10,Monday
b1349b16-9f1c-4879-8a79-021c3172bf41,2188afb3-3893-495f-aae5-b3cbb69ed976,2,10,Friday
79ac0698-3c31-4790-b8d4-c6c7ed411fb2,4b232477-29ba-46c5-9db5-418658ba7902,4,8,Saturday
278716f2-408f-46e3-8047-fc7ed74cb69a,48c977bf-ddd4-4ee7-bae0-b6f1b5f80301,5,2,Friday
b782fc5f-48c1-4631-94bf-5682581517fa,bcef5046-0d40-4fb0-a2a3-dd6032ca0819,6,8,Monday
a6822a88-2b1b-448c-91b9-7288947accbd,18be5a7b-bf19-4bd1-aea3-8254d6d2b1ad,1,2,Tuesday
74b70e5e-7335-4f60-80f7-04ba59e7129a,a2857bc2-22b1-4395-8044-cd73966ffbf3,2,9,Tuesday
c429fa49-9c37-4a14-b67d-60558c710d57,0159ea5d-2111-4de2-8eac-98a75f89cdc1,6,5,Saturday
390278b6-2210-4697-a4f4-d77e489018d7,149ffba2-abe1-4990-a7b8-73c5257d828d,7,6,Tuesday
a4d59ecc-a614-451c-a8d0-fb25c2bc20c1,efc40b97-2d99-4af5-9f27-4d4c4b1e2c5b,7,9,Monday
2b640c7b-a154-43c1-b821-3d893bab9383,7eca6dae-9780-4ed3-807f-ae4d698742c7,5,5,Monday
342069a0-144b-4510-a2d2-9bfd06e04629,d168e521-722b-41b3-be18-abb13a32fc63,7,4,Monday
b32ed2ca-c47c-4ab8-b345-00da6a54194c,1201640f-e391-4b30-b345-d80cc21f0aa3,2,4,Friday
0c81beab-14a5-4954-8478-a54ba7b2e593,ef23c90c-aaee-4bdd-92c8-7fbe546bb787,7,4,Saturday
8d880161-2e39-452f-a49a-9bc501d96e94,c002385a-e271-476e-b6cd-4fea00102f30,4,4,Friday
5eb886f4-74c0-4dd1-82ec-0c83d4bf41ff,862076fc-bbc3-4cb8-af0a-32a287276880,5,1,Sunday
a0056dac-ff7f-4b97-8198-56779f5f7592,29748ea5-0cf9-4294-be22-0707dad8fdf6,7,8,Friday
b8df8397-5fef-4748-9af6-45969346ec8f,d769770c-19f0-4e35-84d9-427f6fbe8ada,2,2,Thursday
04d5af28-6a69-4c07-97ca-a46c1e48fae9,91738a24-c5bb-46bb-bb11-4c4ccee62907,6,7,Sunday
42c232f1-9371-44e7-8a0c-0ae37966e5d2,cc7c4092-2060-465e-ae7b-8c93f84b4d6d,7,5,Thursday
9337cc1a-8c62-4a75-aa3f-e4a368baa991,b3fa1d65-18e2-42c3-8627-c7d750ce61c2,1,3,Monday
50012102-94b3-480e-9d0c-59679472be71,baba6b65-f20b-44e6-8020-4a527e526d33,6,3,Wednesday
197dbf3e-c6e5-44e4-808d-a462958a0cfb,f90e5426-3f18-4379-92b4-03c0daa2e487,6,1,Monday
07efebb1-136a-4538-8f6d-53c52657bfac,bc5e6594-a6a9-4070-b202-a80f2f450ebb,7,9,Monday
8c92488b-f549-4213-8554-34e719da4abe,95b1b5a8-884d-4e5f-becd-6ce6df79f614,7,9,Wednesday
cd0865e2-bf78-4c56-b0f3-90811dd9fc3a,d96f8801-7321-4b6e-9200-9ab805b816c6,4,8,Friday
94957f01-c943-4138-b77d-526136be00b6,74872814-3b9e-424a-a229-e5a5fc56bbb1,6,8,Saturday
b6466673-c60c-4f21-a9a3-2946a94c3bb1,0caa774a-9859-4219-8a81-fd8dc1b06d00,5,4,Friday
1797aa03-cd42-447f-bc5c-94f045b54522,a7be8680-82a3-4e2e-9849-bab389a46dfb,3,1,Tuesday
364f0fa7-998b-4a49-b63a-3357ca7afba3,7abe4944-b513-46a2-bb4e-7c9a77f9a78e,3,5,Monday
8560940c-1e6f-4540-9c65-f35abd260978,76f64e73-f64f-487c-aedf-9ea3fbf9dd4b,4,6,Friday
5279107f-e42e-4b67-8a97-6a3479f06986,787e71c6-6e7a-424e-a480-e3df9abcc7c6,6,9,Thursday
a1c36d11-b454-4afa-a2a9-728b25321f98,32795a4d-bef2-46eb-ab91-95146bfe083b,2,8,Monday
f85e564b-546a-4a1f-80bb-a886f07a4561,71223f26-8ac2-44f6-875e-0e290367ed36,4,1,Saturday
82029a6c-b297-4194-b168-9ea24ae19911,23609ad2-a10f-43a3-bfe6-e70f156d0e78,7,2,Sunday
8d15019a-e429-4197-9bc7-73fb3a0b1e9d,2f7c99af-e79c-4a93-91d8-91598bd2b374,7,1,Monday
a093f2b9-1071-4c99-bbb2-de3c0cbc4529,7a9b48c2-41a9-4feb-bec8-29b162bc4145,3,7,Wednesday
fba130bd-766d-4758-8a11-c265eba1e10d,89c7adff-09ba-4e57-86e4-f09988109678,4,2,Friday
1eb01eb0-8548-4088-8056-a42102768ae9,e6826710-7735-4e6b-9ca7-f87d6ecfcddd,7,7,Monday
164426ef-2fef-4f6c-b220-dbef4adeef36,b82346cc-c9b1-49ca-904a-b71a2ff136bb,7,10,Monday
ebfbe673-279d-498f-954c-5d05d2e9f91a,96422c59-a80c-48c9-b671-ff45a8b842fe,6,6,Thursday
14f9c0f7-4b42-44e3-a2f7-3e60bde7e20a,f939a255-17e9-48b4-ba74-59737699c251,5,2,Friday
a8549635-5f51-4736-b546-cc116877c24e,1c2e230b-300c-4ade-aab0-a636475f3aaf,7,6,Sunday
257cffb7-1939-43a7-b58d-859b826dc437,a661b1c7-1ae0-44a5-a0b2-369154d73b8d,2,9,Thursday
df9f7467-4427-478a-a5f6-a678cf7cf27f,ef1d704e-c97e-415b-a97b-c1b672ebe11b,5,10,Sunday
4fc28523-fe16-4b41-bfe4-a16459d679c5,d903ad49-fdd8-4b35-bf6f-89c002d612d6,3,7,Sunday
f86c81a3-38b4-42cb-8bc0-740e6bab4341,1e116343-3d46-404c-8489-c36ec58916bf,3,3,Tuesday
7e666046-0823-4b43-958f-821fedd826b7,26c321c8-8863-49dc-af35-d5a4bb2a79b3,7,7,Thursday
57583466-c4bc-4945-8972-4652a06cd91c,11b81d59-1a4d-4e9b-a4df-8b00f059ff02,4,2,Saturday
5a981bc2-f862-4cc0-872b-4b4f036d9949,73e28696-0460-4026-8a70-25898e15f68e,2,2,Monday
63111fd5-46b3-4535-a745-49a698093aaa,7df23fb0-ebe4-429a-8f44-1af9079c07ab,3,10,Monday
b21b86ee-ae5c-459b-862c-54fa9a16e372,e476c977-d5cf-46b4-a779-68bcab750f99,3,6,Sunday
b376ec9a-07ab-4230-b2cc-8ebd4eab1d41,1b0748b9-7fde-4754-977d-39d21d344077,1,5,Monday
e3799ef3-352a-4593-a0b2-0a2083aeb07d,a8f51ba8-1118-4b15-94d2-83e5f58b9cda,7,9,Saturday
5d51a784-8feb-4925-87e0-da54ae3d1a85,ebc59fa4-b840-4a97-b3cb-0a675a1c9962,1,3,Saturday
94e6ab0b-2fe8-41d8-8f7e-02e0f03b385a,6e44dbb4-b1ed-4afb-96a2-9466dc91901d,7,6,Friday
2424c32e-92ea-40be-bf03-1be83c9888b6,d456d349-c40d-49bf-b85f-6dc6448d5163,1,2,Monday
5d367a3d-bee6-4535-a7bd-ea408bfeef36,c46c8880-419f-4154-91b0-984269563fc6,7,6,Saturday
0dbfa343-c1c3-44d0-a2a4-e564f3d48ea8,61b583cd-49f5-4d55-97ba-2c41ba85701b,1,1,Monday
85e2fc11-89ad-4fee-8d95-9937bcffe67a,36e03ac4-8151-4aae-bd19-bed3f826296b,6,7,Monday
fb4e9898-f4f0-4ec2-98c1-4aee4667553f,cf8071fe-322c-40bb-8579-f8febcb72ef6,1,2,Friday
0f4e98f2-299c-4411-a1a6-2dd04ef08d02,49785582-2816-4709-9558-c0d56c5dd58e,1,7,Friday
7c66721e-7549-4409-b7c2-2130bd07d811,ea423c20-8e8e-4089-b731-801761ba7b13,5,8,Wednesday
552961b3-4dbc-41ac-9030-c4c2ecfdb5e7,cb96d21e-468f-4d83-a1fd-571dc0476e27,4,10,Sunday
16272301-d1f0-4ed1-8f4d-86ae22ccc5e4,84655328-ba57-40b1-8677-bbc8338725af,2,1,Wednesday
37305c78-9125-44eb-a37e-94e322c4a850,a67c797e-87e5-4013-aaf7-1f49089151c5,3,3,Thursday
31430f6a-755b-4ee2-a48d-cf8d99ae8ce4,5e94cbfe-c8c5-4f29-8d03-4e181e5ef83d,7,4,Friday
ce334b88-bdd8-4366-b2a5-21aa632c7603,d6cfa165-b2e4-4014-9136-1a1db28cfc3b,4,7,Thursday
ed7f9466-a9fb-4a5e-9ab5-a9bb6fac08fd,5d2b0ce9-4b8c-4908-9ca5-d65aea6b385b,3,2,Monday
d6be0e09-4cac-4446-a34a-a976e91f1272,d22768ce-654a-477a-ab54-b353e4f88b40,1,8,Sunday
dab7e2fb-3d4e-4768-b4bf-1f510ab429b9,815e7171-7caa-438b-87e5-3d4e3f5cd27a,4,6,Wednesday
f78fe030-8c8a-464b-aa20-699f6414675f,949dfc5c-94b1-4bd8-bf0e-86713ca24fa1,6,1,Tuesday
f6f76578-06ce-4433-bf8d-f72cabe73b83,44a0131f-d7d3-4444-8589-a3f316559e85,5,8,Sunday
7a116b89-93cd-4f82-9cfb-8a00e8590a2b,00e621db-cbb1-4c14-b1a3-7c0c68b0064e,1,6,Thursday
b272e02b-401b-42eb-8c40-a730112b1663,1aa0e21b-c016-4072-b8c7-6f59ba4b70b0,6,7,Friday
ac9b7237-c0dd-46c0-a7c5-ae871e135b77,fae41b2e-4800-414e-bad6-fe417f2935ae,2,6,Monday
7f3b98ce-3c17-4fc4-a728-646275f69366,3b2524fe-9e1b-4981-ac0e-aca7221442eb,7,6,Tuesday
8f498f0d-9a15-48f5-b7b2-afd3f7ac37e7,61ec907b-3faf-431e-9943-6bd2038d3eda,4,6,Sunday
9728d7b6-cd2e-4da6-8076-f038e7bb0632,b82e2b41-3af6-4b18-9723-1e816c055374,6,8,Wednesday
c3123e36-807a-460d-bbc1-564cb026879d,756b1f00-29bc-49be-a76e-db325d500b8d,4,9,Wednesday
31545f5c-d588-48a7-93f0-6989fab497e3,65677aa9-1be3-4232-93d0-5df175fc0ccf,6,7,Sunday
a4613ec8-8d5b-45c6-bf92-030d1e184fb3,0c32e7e6-aa51-41c9-843f-9de688c43469,3,3,Thursday
3cba8b1b-d7ce-4390-a325-9ad1c8f031c5,8c349b86-482a-4c71-b0bd-aeb25540af80,6,3,Monday
21071e8d-197c-4c44-8b77-4664edac909a,ecc3d301-a543-4eb6-97a2-3fcfb5635e63,6,7,Monday
6727976b-aed2-4be3-bee8-f1bd249efa37,f672e680-bf09-4f3b-840c-4c03cea52744,3,3,Friday
b5ee834b-4ee1-4f32-92f2-8e7c40bb7738,6cbac0e5-1c00-4922-9b85-b2d27f3cbf3a,5,10,Friday
e131c7ba-7ab0-474c-93bc-5b2ebfe82b3a,cb23a79a-8656-46d7-b0d1-2cdfc64be0b9,5,8,Sunday
18eb24ce-b0cf-495e-bc9b-d7ffc146d35a,c51ee59c-007b-4ad9-be25-6e669f471ec3,6,3,Saturday
f9af70e3-daf1-4664-8846-136490d1b75e,69f6a47d-85b3-4315-8791-277998e71c0e,5,10,Saturday
a94db736-0b66-469a-8acc-41b2f6a3badc,f4e97789-5db4-49bb-bae6-596b74eb6da5,1,9,Friday
7ace9f51-6c9a-4de8-b6c6-d5e8a5178437,8ad4e78d-6220-4412-9b54-cb9d640d406b,4,4,Monday
44855b35-1ef3-4541-a255-c04a4b089ff2,67ad726a-365e-41b9-86d3-06620ba01da5,5,5,Friday
85dbe1dc-2ddc-4cf0-89b8-852647844048,32d4627b-8067-4ea6-8e16-bfc1ef0f9c79,3,5,Wednesday
c6e729a5-e51b-4fea-8ba7-6eb8bce20b26,574c377c-efaf-4ecb-b60f-20f8504cacf0,7,1,Sunday
ef9971a5-4e24-4f30-82af-8fdfb079d464,9eec291e-4f97-4697-8138-1dc179fc0b0c,3,8,Sunday
5aa510b5-b8b1-473b-99c9-cbf028119219,0d5432e6-bb82-4087-92d3-a23800a70ff5,5,10,Tuesday
d8c57b04-78b6-4faf-b7ad-f04e958262a4,4aedf4ab-624b-47e2-b704-9e3337aecd7f,6,7,Saturday
c837e5ac-5626-411a-ba24-d203a4a32d0d,70d05ff8-e1ba-40e7-b2dd-e2941563186d,1,5,Wednesday
51c4944c-2104-42ba-ada2-548b7273ea01,23a66226-ed5a-4a0c-93ac-140404a085f7,2,4,Wednesday
d76842fe-437f-44f9-a2fd-326fd4591394,f233606f-862d-482f-8262-8b6f3c122b68,3,6,Wednesday
c9ab39db-bb28-4a43-b72a-fbc99167b922,cdad1bdd-8eaa-41c9-9787-021d78b1f949,5,5,Monday
048c9e84-9a01-4e72-8e81-8f07ea351224,2b2e0049-abca-4fb3-a183-255d309c9bba,7,9,Tuesday
5515a104-688d-4f14-89ce-d70685611dd4,4fd6fca4-fd28-4de3-9c35-a68f40ea6031,5,9,Monday
45292923-1591-48ad-a7b7-8d06f72e34de,c92f829f-80f1-40a2-9a20-01872611f639,2,3,Sunday
7a58ec61-a3ea-4c25-aced-b6b093de578c,1ed31580-5812-4cfb-bbfe-1f28df08d06a,5,3,Monday
a8691a80-3873-424f-8c5c-34cd446c83f9,422cdf86-6664-49fa-a1d4-34810cceb448,3,4,Friday
abd9bc9e-ae6e-42b2-97a7-25643528be06,66fde3c4-7c16-4ace-9f81-91a73682518b,1,3,Sunday
d083aded-b385-48f1-812d-ef1da4eb14db,81d482a1-c52d-4adf-8741-b315d74cfb03,5,4,Friday
160e5c76-5052-4617-99da-122a3b152034,191c1181-d66e-4c4e-9dc5-bb3dcf5e0ce7,5,9,Friday
c6d3d331-b84a-4086-b016-b3e4803a6c95,afaa98cf-b4e3-4ef4-9666-847663b7cc57,1,2,Saturday
03cbf167-bae7-4505-bf01-d882ae926783,65ab8fce-7b1e-45ec-9020-8cb9e4a5a154,5,1,Monday
2050ff47-6529-4b30-9cc4-2478a7f35026,29eb5b22-2caa-4046-a79f-ae8edf44128c,4,5,Tuesday
a75bd7df-1ffa-4d50-ab5a-1f43eb44f7c8,58cd0961-61f4-4baf-b6d4-be19229d642d,7,9,Friday
24d40591-9c5c-434b-aea3-43d2ea0274e1,ebebf932-3078-4944-bbae-3ce749af5d68,6,3,Friday
4640dd98-c40a-4eca-95b3-a656b686aa5f,681c180f-56a0-4f06-86b0-c49fce10f34e,4,8,Wednesday
07fc13b3-5503-4b43-accf-408f44bbc44c,974bb785-7aca-4eb8-b7cb-55585467e425,2,3,Saturday
f77b258f-8d80-4f83-ad3f-be9490400a62,55bc585c-45c7-4921-bc0c-ecb9a9a14378,2,5,Sunday
47c19481-003a-46f0-a7e4-c38f50bf2d97,e5309786-ddf2-4aac-9f9b-7649fb0f8be5,5,1,Sunday
f0220e7b-c72e-4118-ab6d-0c2d1ad24cd7,4bde606c-f6c9-440c-91f1-ec917cd5f1e4,6,1,Monday
1926770e-790e-4f0b-8a2b-023b990dcdac,7c2a3929-bc9d-4d32-8423-9bcd94c0d7de,3,5,Saturday
947aff07-e921-46c1-a1af-6a36e9d2d80f,e4ea40a5-d1be-4e83-880b-f1a88438c968,1,1,Thursday
58c26b04-a13a-45b4-945b-b93d1218d1de,45c434ae-ede4-4e88-8fad-3764bad784d4,4,9,Sunday
78014afc-1d54-48c1-86f3-0bcebdb52111,609825fd-1098-4e6b-81a9-8a95cced3d0d,3,2,Sunday
cab91c6a-6244-4e28-879a-cec345418881,0815b3be-da90-4dd4-a54a-7e133b164f10,5,3,Tuesday
373bd5df-1632-4b2f-9207-91f1090fe857,376cbfd5-4192-4144-8cad-b4fd5e0b08a0,5,7,Monday
452f2f43-a359-49c3-bc3c-d7409c0ba088,6a233090-6262-4a22-8489-3e2c71c306e3,1,7,Wednesday
48b005e8-24dc-4e97-8d14-0dbb3f204122,51b49c03-6ec7-45c1-b5e2-5ac2ea70695f,7,6,Thursday
e2f3f088-2964-4207-ba47-b7e00a019e57,79be390e-0a68-47f1-9801-538fc7556dc4,7,6,Wednesday
7810f8b0-616c-400b-a1f8-760afcc1ba58,32229a7b-8285-4e27-8f37-7e33a4425e0e,7,1,Sunday
29dbd18a-d24c-4785-8f60-172370a2fc31,05c93441-f1a1-4214-9cbe-e0e0c4d5fc2e,3,1,Friday
0685482c-7398-436d-bc4e-32a50ab94bc3,07305cb1-1743-40ea-83ad-c97c3e353d98,4,3,Sunday
c365682d-c8c2-44bc-bd53-11030aeaa47d,86fc6390-47e5-4a7b-bb6a-bc3d72fbeb24,2,3,Friday
55c4d49a-1b38-4e22-93be-4ecf979aaccb,ac496179-cbe7-4ab9-bc7d-a523862ea9a6,4,1,Saturday
d6c641e3-7494-490b-8dc8-3393bbac34ba,84716ca6-41de-4ba0-b6d7-cee5ffbeaa4a,6,6,Sunday
aa1233b8-ceaf-45ad-be4a-e3396c210c1e,f22d045c-9e62-4e70-a84b-9c43b50b5a9c,5,2,Sunday
9c284749-4633-44fb-b041-65f40c9a41d6,e0752a91-b824-4375-a461-38b99bc2fa93,2,1,Thursday
2f5e4535-65d5-4a62-8ca7-4349ca95076e,17be0ca3-eb89-4aba-806f-97e09444cbd8,6,9,Sunday
f5289488-87b5-4a7d-a300-b348469ed381,cf0ce374-9202-4f9d-a1a9-ea60dfe05f29,2,10,Wednesday
fe58fa2c-80a2-4f16-9166-2fd12d9f50db,65fd799c-9dce-4fa3-a009-cb5976336171,4,4,Saturday
0f96efc2-d443-43ad-9689-51cbeba10da5,709d5991-673c-4fb6-bbd3-0f6f041470a2,6,10,Sunday
4fe2c6f5-b64f-47c2-a9ff-8f35d0713065,e4436467-ddc5-4861-9ba9-f65c79a43ab9,1,5,Wednesday
81e56c58-ca1e-44b0-9f78-300e3ec046d4,02d24f9a-0c6a-432f-8e7c-bbc9d0815b50,5,2,Saturday
73f5b28a-1de3-4a2a-b8ac-5335b78e4716,88c07564-79c0-4905-bca1-3c73fd495fcd,4,9,Thursday
e3ad6183-11d1-4a5d-8780-9404d75e8ec4,63df0826-b2b0-4f69-8fab-08a1ef8e99c3,5,2,Tuesday
d777a387-a76b-443e-ac3b-1d4e8e22bd68,dce02ec6-97ab-49f9-88b9-94131a22d788,5,3,Saturday
9c2fb230-41ad-4f0e-b6ff-7882c11022fa,955d4bb7-f445-4916-9594-7b19850cfcf2,7,9,Monday
869f8c6e-7e60-4a30-9009-6e4421a6aa56,40736745-7716-4c58-8f34-dffec05e916d,4,2,Wednesday
49fb3adf-c2e4-4077-9ca5-13fe61fdda4a,a862688b-d530-43b7-a68c-8768ccfa9ade,7,1,Thursday
4dbfdd02-5aee-4d57-a3cc-22d59b5fe3fe,52bb26a1-a541-4896-922e-ee08a5cbdc57,1,2,Wednesday
2944283f-0f05-4abc-8c49-3746917dde9e,e6bf03c3-31e3-4701-8309-28a2e5242dbf,6,9,Sunday
eb341aa9-0f3b-41a3-a3e5-136674630bef,6c2fdca4-540f-460f-8500-b445f3e7f1c9,3,3,Saturday
f191a5f9-8b35-4738-afa9-2a61e3331047,1af1ffdf-a514-4552-a6d7-0d2c5b8e9fa9,1,3,Tuesday
84bcca45-17db-4e29-92d1-3413489352ea,077ad556-8ba9-47c7-b8bf-d64050d04ac7,2,1,Wednesday
c6d20176-c69b-4f4d-9fc8-cc1cdf19f0c4,6357551f-6c93-4317-96cd-c9312c9a2752,7,6,Friday
846be504-ca94-46e4-b0d1-d18ecb0efe87,0ce5e2f3-0680-4faa-ae3c-6ed3c2e44c6a,5,5,Tuesday
b9528c5d-20d7-4ae0-9001-8df2baef043b,81c0208a-8e56-4e72-b6f6-121265107452,5,8,Saturday
f46b9caf-a8d8-412a-8fa6-00558ab213eb,070e549d-59a0-4642-8d69-5afdace5a5be,1,9,Tuesday
5aed94e3-8bd2-4361-9be9-282cda6e7859,dd6ec8ab-87a3-4b79-ab1e-4a91a61d537e,4,10,Sunday
54f71855-dea3-4dff-940e-a4bff4322c1b,8b37d02c-315b-41a2-b8ef-f3115a91bd22,3,2,Friday
2741ddfa-e208-478a-b1fd-9f61fe91c86f,892771ae-ec15-4473-a719-8968dd8a8f0d,7,2,Wednesday
24394664-bd35-423b-a7c9-de7b6959762b,28dad0e9-11fe-48bf-9daf-0bb169b7ae1f,2,10,Saturday
99e8fb60-4a91-49c7-9c22-293bb2cfde82,acb06af5-01d7-46c3-a45d-946072ece229,3,3,Wednesday
5dddd697-8779-4174-a5f8-45bbdd516e44,178352e9-1d83-4f33-9b4e-0bd816d64424,4,3,Monday
2352f9c5-b2af-4fa2-95fb-769bef641078,b54c54c9-f6b9-4095-9e18-eca659117125,2,9,Monday
140a3a44-f070-4663-b7c3-5229eba27f16,1d5d5dc3-f3fc-4585-97b6-0b040a110f7f,3,10,Saturday
335df6b8-5cff-4c3f-b0d9-4170479e0173,3d3296b2-f575-4793-ab8e-98f1d9092f7e,6,8,Saturday
6549e7b4-d411-4c50-ae78-7889922662e8,84bdf8bd-c16f-49bc-a541-ede2d09af356,4,6,Saturday
c262c9a7-6864-4491-8a8d-04d71dd0e9d2,5614a9bd-6d0d-4dd1-bc93-6142394a7a27,7,5,Monday
e47aaff8-e565-414a-a174-fe3400ab78ef,9bbb0c28-dae9-4b66-a6c4-e307c8f2b67e,1,4,Tuesday
8113349d-a1ce-4d36-8287-497113536e2b,bb44b743-0c66-431d-8cba-0bc91f44af29,1,9,Friday
61e2c4a7-d2d7-4c99-b2e5-babc442620c2,e9c82ad4-ede1-47d0-898e-323f3ad9de3a,2,6,Wednesday
82956da5-c278-40bb-80fd-fa8e8bcbabd4,ca6fba5c-d67b-495a-8ac9-f96b3d618601,3,3,Wednesday
561c4a5a-75c7-44ab-8a83-abce4c909299,c269d671-9b0e-42e5-ab69-74cbc936ddb9,2,4,Sunday
c16aded6-3919-4d8e-8734-04fec684fd2f,5a8d3b7d-86bb-4f0f-b2b0-e52b5520ccd0,7,7,Tuesday
ddbb4008-a003-4a76-8094-4d9c63d4dfcc,fa75fd09-cb86-4407-839d-dfc347beb640,4,9,Sunday
9495dad5-85d3-4267-89f2-f67236f6da32,5665ae2a-8d0b-4c48-a2bf-92ed4dcaf95d,5,10,Monday
65c71ab5-6cf5-4e98-b933-dfbb5a10156a,4b5315e2-4b98-4470-a362-a73676b04136,3,6,Wednesday
1ee45724-1632-4594-a41d-86d68fa5b2ef,54909bac-1760-4fcf-a8d8-03b63d2df262,1,5,Sunday
742ae42a-98d9-4abb-ae45-398507b282ee,48254ee3-2895-48cd-b182-6d3098419710,1,3,Sunday
ad99719a-380c-4f5a-a229-176f93875e55,13d43887-cae1-445c-9bf1-3cf1fe2ea715,4,3,Monday
e7d87f44-1c9c-40bd-8155-f4450c44926d,e0e3f198-ff49-47d8-80be-b2f76191c4ee,6,7,Monday
66c2fcf6-2908-444a-a49e-ae4004f17752,06578ce9-9d06-4721-a2f7-d3a0c367a356,6,1,Tuesday
04f63fa6-21e9-4729-86cf-cc5be47ac647,81e4bd34-a7ef-47bd-9a98-39ce40f018d5,5,6,Wednesday
cc0de17a-97ee-4a07-97a0-5d999004cae8,cbecaf74-70bb-43ef-b307-054f0ef86b96,3,3,Tuesday
c1cc698c-dfe3-41bf-aa24-e080e0228d4a,42562e85-792e-4ea1-a495-c738d86b5f52,7,10,Sunday
9d3a2d46-4a25-4d6e-a57b-8fdb5ed4b7a4,5bd2e3fa-21b8-410c-85fb-6684943612a6,5,2,Thursday
c5253f59-a5d1-486b-ab28-e9380632ef96,a138ca90-1e8c-4179-870c-485b2121789d,6,9,Thursday
3a594372-9906-40b5-9936-e1f0812c68bc,0d01137c-9849-435d-aa6f-a64889eb943c,4,7,Wednesday
71f70166-f90c-4c47-801e-e1f57f0da4c4,ac43db7d-f246-402c-a59e-d5f2a6ff606d,1,1,Thursday
3cd698f0-2874-4ad8-ae39-98e925718728,f85c92a0-ab18-471a-86b3-f4361dad4b18,3,9,Friday
486e7d8b-0754-41f1-8769-472c7a684307,522228a6-373d-460a-834e-21ef6bb0c30e,7,4,Saturday
5d9d7714-3ef5-422e-9823-1c4905e6da9e,4641e0af-dd8e-4e4e-8d22-8bb2f4fba9fb,7,10,Thursday
2cc15f00-3669-409e-9138-4c3bd78bc527,d203ad28-1b5d-4e7c-b264-e0b5cfe64259,2,5,Friday
9b02bcdc-dd91-4bec-9681-db16a9bf8a3f,3507fa8f-b70f-4158-9a2d-82c2373f7242,7,5,Tuesday
f06a5926-20e8-4d3f-a045-b7ecea19235d,c6890aee-fd6d-4baf-bc9e-bb9433678528,6,9,Saturday
49407e84-3fa0-4324-a20f-cd7f0e88ef10,0d75ca4f-dc5f-4ae0-b4fa-f68c97ccf94a,6,3,Wednesday
18fb4d77-6ef0-489d-9b9d-886e9678485c,c201b7f7-9ac6-4df4-906b-55955f62f9e1,1,6,Sunday
78825ae4-0019-42e6-952a-98c268beec02,a44844fa-a093-4466-bf6f-690a1c10f49a,5,3,Monday
2ab1bb0f-0ded-494a-abe6-b43f70fcc606,5e803163-5617-4e89-bc5d-ce1da29fabf8,1,7,Thursday
45e0a2bb-f743-40d3-aa77-257b5774b8bf,4399f58f-f571-4f7e-aaab-adb94fe695be,6,10,Wednesday
20f0184d-1155-49b4-ac22-9ea0535762ba,db6aa75d-0e0c-43d8-b6d2-4ca21750a6bc,3,10,Saturday
2ca028ca-c6c5-4d0b-a57e-0a90f8c67a7f,29051ff7-9961-4eaa-8713-be553cdf2683,1,2,Thursday
be68d305-b798-4e48-8b8c-927546724a5e,000338f1-b7cb-4276-a1b1-d76940ee38ee,2,7,Wednesday
9caafc5c-8c5b-44f0-8e93-a2697063c8e0,e3e26769-ccd3-40c5-9652-7a9d09d66658,5,5,Tuesday
c22088a1-8c6b-4763-8d5f-b265ef52e9cd,23140aea-92ec-4e21-8b3a-6ffae4bab78a,7,5,Friday
0f435f45-7367-484f-b573-f3dcd9755d30,a92ac0f8-e476-47cd-a96d-12ec01858da5,7,4,Friday
14bd2ce3-8047-40fe-afc8-74839aa6af06,bb7cee2e-4b73-4c32-8fe0-52523f611666,6,5,Monday
e21b5af1-0c0c-4b1a-9526-89222768b1f4,bf72e975-345c-4891-9871-7a57d2deaeff,7,4,Thursday
2406f14d-61cb-400c-8383-253130318049,7a94b16c-92e7-484c-a344-9f0e9f167a0f,3,9,Friday
64470616-6c31-4a30-b96f-78e10b012261,6955a7d0-ca76-49d1-977c-03b44b4bd174,4,4,Tuesday
3b96558b-a866-46b3-9fb1-61a8f0a42e58,fa0467dc-42cc-47fb-b86f-afc96167d53e,1,8,Saturday
aa20f289-9ef6-483a-9432-ecdc85b39189,bc77a679-2e0f-4ac3-8f2d-31c2c8b07208,4,1,Thursday
30d70bd6-792b-4090-9ba4-0a77c6003a66,2c9ed78a-d98e-46f8-a563-be02fd8f3053,3,6,Thursday
f3b91e42-10f9-4a7a-9e97-45b6b829a5a1,d48d6fba-75db-446a-a2ee-e27d59e5b43d,3,2,Tuesday
7e794e22-109b-4f68-a98b-71a7513fc876,d1fdae9f-91d1-4434-b1c9-7dc2dfb0d28f,4,2,Sunday
ca434e88-803b-4edb-86d1-7928ce3d96d3,e700c436-804e-429d-b14f-27fbd7fd1f1b,7,4,Monday
36e1d653-cc16-44ca-a535-4a3a3365f161,89c65a33-510d-4192-a30c-fc5a59d114b6,3,1,Friday
9df07ae5-abbb-451d-893b-f0cae5b69878,49f861ee-1e3b-4b83-acc0-f28927250197,7,8,Sunday
d8a6491c-f187-4371-a8e4-8c7ed2e6c1a3,0e37d533-bd1f-4b80-8afa-dde0c5d401e4,3,10,Saturday
acfac6bd-b275-4b41-aad7-0bbe5636dde6,7d9da944-03e2-458a-b95c-7b66484f28bb,4,8,Tuesday
c757e952-0a66-4585-9074-0b024e68e781,fe59ef2a-0e7c-43f8-90b4-4c976efc77f8,4,9,Sunday
aa1dbbdd-9328-4b1f-9f05-382699d302b3,033ca074-fbd5-4c33-8b8f-81a03864d0bc,4,1,Sunday
a09a6923-64a7-4b12-80c7-b7eb584964ca,f3d5f777-3a2d-4bd7-85ef-10ad0496f764,3,2,Thursday
0d4ba1ff-675c-4f7a-95db-962a9b789388,b4531caf-e15a-4ee1-8d46-aa5aa26bd526,1,8,Tuesday
3abbcf31-71fc-4bd5-92a6-2778b12f557d,b1322c44-b664-41e9-8045-ff96e311a50f,4,10,Tuesday
c291df98-71de-4ec2-8fa5-2c457e48f829,9b9c95af-f27a-42c0-8caa-59c2d620f1ff,6,2,Friday
1dedc854-f5bd-461d-9628-7d5b361dc8e8,008c7f2a-2355-44dc-887c-275a482d912a,2,2,Wednesday
1e6b8fc8-4e64-4026-95a5-2af8a7271ece,61f354ef-31d4-49ac-a8c3-4c552e780355,7,2,Thursday
a1a91c89-2755-49f7-b6b7-8f48cafff8e0,bc355a54-fadf-4d1a-8ec0-c37273248d2b,4,6,Tuesday
f7168556-6e8a-4af0-a898-bf4db2190ef7,feb50741-0754-4d9f-bf3d-638e96c98c02,1,10,Friday
19b4a6a4-c98c-4774-8cbd-e8d143ab9280,c6727fe2-060f-4593-8450-b599e8c16eb2,6,10,Friday
a16c4950-3c78-40b0-b7b7-bc69768c0368,1b3aa10f-1492-4700-a825-ec2a2cdb0763,5,8,Tuesday
9c52f5b5-49a8-4e1a-8470-8a2f144cb7c9,72ce9611-eaeb-48dc-ab62-0b4dbb5e3e2e,3,2,Friday
cec74859-e624-49e2-9946-7585ff807f81,b8ffd303-cd9a-4e9f-a362-1cec3bb4a24e,5,3,Sunday
253eba87-4445-45b2-9f91-cc834b8fd460,4c0658aa-f457-41ec-a835-7b7dd724ff8a,3,3,Monday
7121b692-8c5d-41ce-8630-12c8d31d52c4,d71b8745-eaf7-49f2-8562-0de0fdbd4b27,5,3,Saturday
10479c37-d33b-47f6-8b4c-716152499dc4,cc148a71-9ffc-4135-b764-543795e602d4,1,9,Friday
b732d357-5ddc-4e2d-9cad-7ff918a13145,b0f138a8-c3d2-4714-a1d9-d21dd96ec4fe,5,9,Thursday
1e3d2427-00bd-4f7a-9d3f-1ab67d204523,83247354-b9c9-40d1-b165-f7d456a31333,4,6,Monday
7dffcc1e-345b-4ca2-88be-d1f8a557bfe8,122d9a5d-bc40-4f1f-ab6b-a93852033a7c,3,7,Monday
38a24d61-6d44-46f9-8a42-98871128dfb1,e247d844-e68b-4c44-a610-21156abd621b,6,1,Wednesday
4b1080b5-819d-4280-906e-29d036587fb6,d6e2e6b7-c679-4dd8-9d27-bcfa7c8dc515,1,9,Wednesday
ca71cdc3-cee5-4bca-886f-b10cba0012ec,02a2efde-2f50-48e1-969a-e93f7866b397,7,5,Saturday
0ebb0f25-8fed-4191-8b0f-b02a2364ce4e,eafa76e1-1ad2-4c11-8dd1-cb200e12b0d9,6,10,Friday
68f93f83-4124-4ae9-b34a-ae4a6a8898e5,3c164c28-a74d-4f53-ac9f-b12d758c7a80,4,9,Friday
ad83fa64-e5f5-46dd-ad47-fbb488788a2c,37d3f793-4f9b-4c11-9e01-064503e858fe,4,7,Thursday
c65db3db-6c61-44ac-b157-133ec6632fda,7fa1d197-f25c-4e23-a4bf-7aa1db3e2a09,5,5,Tuesday
c2148bf6-42a4-4a7a-bf17-4696a71ca69e,2481eb8e-f3bb-437c-9dd3-a8a7d53edd1b,3,7,Saturday
a8a81829-ceb8-4b08-aff5-19245dd72690,e5c6badf-908d-4476-8fed-f50eeef434b3,1,9,Sunday
f5fd7d92-de35-4ab3-a3e2-6ae34665eb84,b40e8008-688b-4381-923e-9687fb4af310,2,1,Monday
3e26ff1c-778c-421e-890a-519f25e6b03c,b693e971-3aef-4abe-943c-498611379ac2,2,6,Wednesday
127f6f86-5f3d-44fd-95ef-e935cf74f728,d323794c-d54c-47c6-aabd-d475061f6c53,5,3,Tuesday
f8272dd0-bfb2-4dab-9e8c-c6674b55bdf2,8bd652bf-b008-49c8-9cb6-78e0ddb9648b,1,9,Tuesday
f68de0c9-1d78-4f87-922f-712305cdc13f,b5895311-d153-4806-a0ab-010d459df2bb,2,2,Saturday
94a04cd0-c455-488f-a35a-26c2989619d5,0ae8ced9-ff0a-4e2d-a016-c4b40210fa62,1,3,Saturday
dea6fdff-518b-421a-810c-7ca84e39c169,d7305ffc-8735-4bae-8d2d-262d01dbdf7d,1,10,Sunday
03f83fcc-6c0c-4411-b7f7-dafad395b58b,0fadc98c-ecbf-4009-9dcb-7b76e2be7218,4,5,Tuesday
4eda3df7-ea62-49b3-9333-e9d460b68f5f,5c650382-4542-49ae-a11e-36c1d0cef9ae,4,9,Tuesday
dd720d54-3b85-422a-b179-42f684342538,e60f25cb-2fac-4850-a209-5a2fa2c821d1,6,7,Tuesday
5d4086d5-dae6-4e52-bfed-4fb8c29f7a84,8a70fb3b-4652-4bc1-a7b8-e3de44c01724,3,4,Thursday
c63c9267-4b4c-4857-b6cc-38b335a702a1,23b04d1d-7ae2-41f4-b76d-e61df1ca4429,7,7,Tuesday
66c07a7b-9d68-43be-af2b-4013e50df71c,c86b4e5a-3d14-4169-891e-5a1ce0f6f236,1,7,Wednesday
eb7175c3-bb18-442e-af75-96d622014706,a362d374-faf5-4843-9d12-420e0f4539b5,4,8,Tuesday
9453c34b-fce0-4e1b-8099-8ec10bbe22fc,97cc1505-ad8e-4723-b78b-a40ba55ca875,2,3,Friday
ce4d4812-bb3c-484b-a0cd-41eb9ed949ba,a1acb8a6-983d-401d-9b84-b0d802f3847f,6,10,Monday
4b8b3d90-2569-445d-86e6-6ec49d95d04d,04e7d24f-9470-45dc-8f02-5d93652e45b4,3,6,Thursday
6d24141c-25a0-4eac-ba72-02377e9fca3c,af5ad2ff-7f6e-4fc5-87c0-4d017d927073,7,8,Friday
29a86d0a-cbd2-46f3-939e-3df04bc31d50,880c7848-7e26-486b-a533-300afa8fb7b0,2,7,Saturday
2c831fb6-8bb8-40e2-ad47-1548d9a5457a,b973aaca-1129-4954-b625-30975f8ada92,6,7,Wednesday
252069d5-de11-4a7c-85af-7dd626bc48c5,eb8bd6eb-2df9-4628-90de-28dbe74b6159,6,4,Sunday
0d926d6c-94a3-4180-9256-453557a2f2e6,49c33165-4775-4705-b167-adab06b655e8,1,8,Sunday
175bab33-9f19-4b15-b3e0-b07736dc4be5,2793ce84-cff7-41f0-9742-bcd812c8669a,4,10,Saturday
e68434c5-54ff-4406-af06-2eec088afc93,2c7e0a0b-a692-4af0-bf02-a3f12ab969a3,3,10,Wednesday
198a6fcf-2d3d-4e5c-bb71-5aa510b827e2,7c874c3c-ac3a-41d9-8ec5-e4347ffe1071,3,3,Wednesday
85acad0f-9daa-4a43-9dc8-9c28d3f87881,633e5f61-72a5-4901-91a6-07a4fd776334,6,1,Sunday
a33bad58-1d63-4447-b198-2bd2b35d1688,5bc2f579-4082-4f87-a5c6-49f890847df7,3,6,Thursday
3858c4a1-9af6-473b-b268-700b321274a8,7c23c184-bee4-4fae-85b9-be78bc10ed31,1,1,Monday
30916794-00a1-4b35-ba3d-9beed834028e,c36ca655-773e-4a81-b91b-554693b7adc2,1,1,Monday
13efee8b-63a7-4b84-8322-109e63baa6b0,0728ab83-c80f-44b4-9dc1-c7a1eae87537,6,4,Saturday
3ddf9f62-12f5-43da-a71e-51a97aa9a7a2,ee5d40c3-8d6a-4f42-a417-7daac92e195f,2,9,Saturday
766512a3-4178-4abb-8b10-06b199743bb9,994586e0-8526-4271-9848-5bbd8c0cbc9c,2,6,Thursday
6fbae3a0-af31-401e-9a6d-2cfb9dd34942,87eb7c27-06ae-4f59-a03e-8cd95dabd320,4,9,Thursday
14cdcebe-6667-490e-9a90-8fc17e5002c7,e0a45e50-fc64-4e7a-9e72-0044984461b1,1,7,Thursday
98f05ec6-e923-4c7d-a878-88c343222da8,80323277-cbde-4b72-b248-effb08f93e64,5,5,Tuesday
939d6fbd-94f1-467d-aedc-b820264e0c38,2424b42d-2c4c-4f21-bb92-8bd938f5a233,1,6,Friday
8f4edc54-7754-4c81-9d91-2604eef472ac,c7124106-a988-44be-9165-e3cb9379aade,2,8,Sunday
be883a22-6bf0-42a0-9993-ad7a64d70a4c,ef838ece-575f-4fa9-8f76-83e8801a6165,3,2,Sunday
d9f20561-98b6-42d7-b644-82c039548a09,ff1ec909-71b0-400c-8805-037b73271f40,5,1,Thursday
c38cbb51-4f41-4fa7-bdc7-ada99c656ec4,8239b18f-67da-4a69-9c8a-ca6df47e5f08,3,3,Monday
addda51d-8c72-4a5d-a793-1603982b7040,76536f2e-69b2-4532-af74-8c5954621754,5,8,Friday
79f910cc-c3de-4fc8-88ba-68c678b93b6f,7eea6a3d-ba16-406a-824b-f485bb30a3e9,1,9,Monday
c0379c2b-87f5-479d-a126-46d84e0dd05f,d9caf80c-c285-4f87-ac8f-4698f322b187,7,8,Wednesday
a4f7c8f8-00f3-405e-95fa-03ec5ff39c88,3947b4d3-97d5-4b6f-aa30-b3d95d58d469,2,6,Wednesday
6fc1ec43-1989-4a25-aef7-b94d0ade64c1,e2bf8556-9109-4130-b6c4-b51c6f8cee13,3,4,Friday
157e609b-bb52-4e12-93e5-52f54333d893,89b9596d-48dc-4dc6-b4e0-c09e2042cdd2,2,2,Sunday
14732ddd-471d-4dbc-9ba6-0aeb77ec673f,a6fa4818-9b35-4685-8d51-0a4938dc142c,6,7,Saturday
615bbe1f-7da7-47ce-895d-57c2723ea034,1bed046f-5131-4641-b837-1210cfa06d81,4,4,Sunday
15b78a3e-04cd-4963-a119-ce7c23caed0d,ed654a0d-3b82-479e-aa6d-ac5910cc0b6d,1,1,Friday
55c6c51d-1c0a-4ac1-b68a-b56ce3f8b373,0083889a-f055-435c-b888-3d5b0d894e47,6,3,Thursday
f9e78f9e-ba22-402a-a880-c04e892947e6,bd51d692-34a7-4ba9-8ba9-654df8520248,2,9,Saturday
67ea6a2b-4373-46b3-8d5c-d38655922cad,10678aaa-4198-4c26-9a85-b56b76f2fd57,7,7,Saturday
2ec90a16-f885-4888-87c9-6da04cb0766a,ce92be98-aedb-436d-b881-a78ba8947efc,7,9,Friday
75b0cf74-a7d9-4b1f-bff5-22894087912e,01945081-1872-4956-a3af-8eb21551cb59,1,5,Tuesday
0a1b070b-2b02-449c-816a-9e096a608a58,2a5a0e87-fab8-4d09-ad2c-cedc16d5ad94,7,2,Wednesday
417bcc9b-7968-4b5f-aacf-d1df58b24bec,d34b769a-ea07-4917-a00c-9f0487bfdb9e,5,1,Sunday
082ebbe4-94d4-4ac8-ac05-3a592b4b7a68,917e0989-d11e-4b78-89fe-a34c542caa50,2,5,Friday
f60ac50b-876e-4804-b89e-f6261f77adc9,96ce4e80-5bf1-424c-8bd2-eb991ef95b1f,7,1,Thursday
5843964b-087e-4e4d-8b3b-e289e9b6a9b5,29039a3b-ebba-499d-8fcb-a42600b28cfd,2,9,Wednesday
16a9098c-9fc4-4494-b81f-5d1a6a719208,d4f599cc-c420-4951-bc48-96f1a8b11084,1,2,Tuesday
c46e533c-d9b6-4d55-baa2-4613d7b43d17,c2cc5e3f-cb6a-4a5a-bcf7-5203781e7c48,2,7,Saturday
31cc538a-8fd2-4c58-9d85-4091c69e231b,63574015-809f-4bdc-a1ff-d5493b5523d2,3,2,Saturday
13266a04-11b1-4cd0-b734-0d34b004826c,7a739fc5-5140-4a70-8b48-20a8905b8d19,2,4,Sunday
9edf6471-3081-4ea5-bfc8-2104c4f5d441,5b935da8-6c38-4b62-bc3c-fdf144ccbc6a,7,4,Wednesday
80e50f49-083d-4d58-afef-4c2ac1e3b0dd,43eded40-664c-4f86-9b2d-9dfa1f21930f,5,7,Wednesday
dc2c981b-5f2b-473f-98fc-5dff7f362242,db2812a8-dd14-4db2-a266-4f51a5acd0cf,2,1,Sunday
4aa306bc-7535-4099-800c-86050f7d1c31,4f44615b-d57d-4d7f-b360-28174724837f,5,4,Monday
616cc2cb-4d99-489f-94ac-4bb20d8e15ed,a2370bec-d039-4bf1-91ca-00dfeec5ecc7,7,9,Tuesday
aebb0d79-68be-43ca-8f76-fc281b031019,2ecb785f-fd7e-43f3-bb0a-c89b6f286e21,1,5,Monday
bf913df2-7126-4772-9dac-b35a40ec64c0,dd81826f-7474-40ae-8791-667be15a1a44,7,10,Tuesday
ed1d9162-d274-474a-be48-61f743a68019,8c1a5e6a-0521-41e4-885a-414616fc2b7e,3,6,Monday
9034b202-810a-4d77-b608-91176fce5eb8,52341af1-13f9-41ae-a73d-aafeffe9d441,3,3,Friday
f1990577-2a17-40ba-a7c1-0af4dbfaa805,f6cbf846-3f09-4ed4-8cd0-121c264d5d74,7,7,Friday
95a37b69-94fb-49f6-8ac1-ab54119f3f51,52fae4d3-aea0-44d6-a379-c9f598bea0bf,3,4,Tuesday
b4ba5ae5-5c6d-4c58-a037-85c49e31ad1d,a837596a-21af-4b43-830f-cf07625d9857,1,8,Saturday
00fbdb92-d14c-41c0-9d89-76e50f0459a2,a39b7408-1089-41e1-ad12-20d8d12654eb,4,9,Sunday
b24f25dc-75ae-47d1-aae6-f357a0aacedb,a20807ce-46be-4493-8b41-84ac53a8c252,5,8,Friday
e7a453f4-890e-4971-bcc9-1fdc47e4a706,7be7e696-fab0-47b3-9af4-4510be11d6d9,4,7,Saturday
a19963aa-825d-4d56-b3be-2915683eb2b7,0fc0300b-bd26-434c-945b-2280a2cfe4e2,1,4,Thursday
aa8b93d4-2dfd-4a7d-aaa3-fb5f2eddff46,6d2d0476-ceb3-4293-8ab7-e03ca8744b5c,3,4,Monday
417e3c4f-e22d-46e0-97cc-28673357a2e8,d22ea3b4-73c2-4619-89c5-46e4d653b369,1,1,Friday
00cdb302-8586-4aff-bdd9-b6dec29af30a,53a3e36e-9239-49d6-a3e1-ddda5026641d,4,2,Monday
1bbb918f-29e8-45e6-af97-4b858e5f3e03,3b5078b8-a988-4ac1-89d6-f14edb01b9f9,7,2,Saturday
12a9f585-fc61-4a6c-a6b7-e4694fd4917a,2b614fb8-f199-4ff3-8686-c8b1bfacb373,7,4,Monday
bb0d1b41-9988-4492-9663-5012c4f7334d,31d7f87b-1c26-44a1-bf13-f383ce051d73,2,4,Saturday
e0de1633-0ba9-4883-8eee-2fa0e885ee03,34a66403-de36-4fb4-8017-58fd182f2e95,3,6,Monday
7c3966f1-cd0c-494d-a702-1308178a164f,46efe1fd-6040-4ad4-897b-33bad71fd69a,6,9,Sunday
60c2722a-5857-49d9-9670-00ff9417662a,73b1e9d4-86f2-48fc-968f-deac130db034,3,5,Friday
77dfad64-9b6a-4f8a-a969-b2f24e31e8c3,6cd2c1ee-3255-4fa4-8a47-bcdb6c82fa1a,3,7,Wednesday
0fdfa4d9-2027-4bca-a814-b7f7701765d8,c8e66d53-8332-41c7-ad02-7d82d24bca73,5,4,Thursday
15d33235-d078-4fa6-be90-9884684ebb0e,1fcc78a6-9fe0-46f8-a269-8fc98ff66be5,4,7,Wednesday
d6104467-0169-499f-861b-8550ce48ec0b,53ca2499-1f10-4eee-80fb-8677e5d20dea,3,2,Friday
8984cdb4-a51d-4250-bb3f-6ef4267fa543,c03a84e7-f82c-4078-8a8d-b06a491d2753,7,5,Wednesday
10a9fba1-914d-4d95-96e9-b1a190deed67,d87008d2-da0c-4b65-aead-3bbe5b9b2163,6,8,Monday
6ea923b5-e418-463d-8059-63797d9daae7,a95f0262-4218-4356-86e6-e0d022b23fe2,6,1,Sunday
97f2b61b-6a40-4689-a319-bc3e09184c27,9c37c9cf-c9b6-4773-a536-9b51dc06a15a,2,7,Saturday
5728280e-c8f1-4665-b4f5-2521be35e86f,da904272-b156-4916-aeee-9932f229cfa4,2,1,Sunday
469900d4-4fd3-4b1f-a046-f50bb24abd8e,5b2ede47-1e03-4a67-8975-7ad066fabe50,5,4,Sunday
a15902a8-bae4-49bb-b8ea-4b0c0731f644,e9c65b9b-e064-4612-b82c-311603442f95,2,9,Tuesday
ce887cfe-eadc-45c0-b9da-87941cb578c6,1c90f45e-f4cc-4367-807c-0ecc5d4faa25,4,10,Monday
7f2b74d8-9746-4953-a039-862891f5e034,da56ebf7-b6c3-44bb-8b02-ddae141318da,4,9,Sunday
0f31914a-46fe-4cdb-b5ec-cafe33d234ba,bb98261f-f1bb-48b3-abbb-3fb75c1dda9a,7,8,Wednesday
b525c4a5-dc66-44fe-aaa9-f50ad6f83905,8c213d10-9d0f-4afb-ad59-edf2d5bdc102,6,8,Saturday
665f2233-4c1b-4b6a-8675-3436bbfd20b0,a2e2a4ca-d384-48a2-a3f7-95e1d8fcc74c,2,8,Thursday
e40d48e9-2b2c-4aa9-9524-d9d7d5526605,eeb33819-a0b8-4ef7-b842-77519a780e00,1,2,Tuesday
be28aa36-bca7-406b-acb2-476d0cae5ebb,d7f118b4-5f16-46e2-8f46-319e80586a8c,5,8,Thursday
e043df4b-abe9-46fe-b4de-f3fc73d5af01,50b601e5-7156-4353-876e-3c33533cd757,3,6,Saturday
1bbfd9c8-f78b-487d-88b2-223e57961016,bdd61bce-f6e4-4451-bfbc-bbc2fe72b931,7,3,Tuesday
eef4d6d3-bd5d-40be-99f0-4787cf9d7658,f7574964-ac10-4b14-bd6a-f75ede2103cc,7,6,Monday
27325ebf-aba2-40c3-b2b7-df1aefcdef23,2eadd102-1b18-49e4-a0d8-94bac7f94345,3,2,Monday
5c6dca97-fc8d-4849-993d-0ed5233d8c1d,49519b3b-402e-4b79-8432-c75f4cbe66d8,3,10,Sunday
2d944f1a-e731-4815-a0b3-800c00b6df2e,01da4246-4a1f-46f2-8a3b-559acdd18309,5,5,Tuesday
6b44b235-176d-4214-9736-f703dd63f63d,61d6ebb4-634f-481c-a9ae-b71cf4e3b1de,2,5,Tuesday
12a8fb29-f14b-405b-a289-b3a14a709d75,33e82276-e3f9-491c-90fe-54fc6be97e73,5,1,Saturday
fc955b9f-eb55-4bee-8e7e-420cb1ff9a8b,00ad482a-2869-4fd3-aeaa-deca93ce55a6,2,4,Thursday
b1d93cf2-a76c-41ef-b264-59741e5e1978,6d8cbeb6-2835-48f2-b622-13ee9177e076,6,4,Saturday
1e65ef52-28ce-4d1f-8ed9-454dda44da51,1b9d6627-34a5-44a8-9a17-b15b8b8d8f9c,4,8,Wednesday
94c6f6bf-9ae1-45e1-a6d0-a1100763d341,c53f0df4-c35c-4302-9845-aa99ec57c3e4,5,8,Sunday
ec77e903-b3f6-4f44-a462-d0b774127a1c,fd111737-3304-49a3-951f-ed79d5572752,6,1,Wednesday
1234b9ad-9e32-4739-a9e2-d129c3990bd0,86183b83-9f5c-42c0-a694-4faa792e741c,2,2,Saturday
fcda7dcf-44ad-4ff2-a5f6-05da51d05a02,2470ad57-56a5-4089-94ca-e16948619f7e,1,5,Thursday
bc0d9522-cafc-4811-8634-37b4e806543b,f14cdb35-17f7-4572-ac36-4d5b442507eb,5,2,Wednesday
d35e6cac-7193-4978-ac3e-cc99db24290e,b328456a-1b30-4f87-8bea-7ea8cbd35091,2,9,Sunday
ea7fcc92-ad81-4a41-a1f7-3f8e91448b65,1c3f8be9-d37f-474f-9eb2-92f31e6f00e9,7,9,Sunday
641be49b-9baa-46f6-931d-e94ee2276b1b,8946e583-4f72-4805-b8d7-61bc94d70d37,6,1,Monday
701d3409-786f-4a16-9e7c-90bbce759e8b,9b56dd00-0910-47ef-b64f-dcb3b8c83f1e,3,2,Friday
6ffed5c2-9236-409a-9e39-0a5b701f4873,f7004b58-ce0b-4205-a26c-17b227abccd7,7,6,Thursday
1d5914f7-5c65-40bf-9d7d-8f4fd9b2e70f,a44acf38-9b64-4567-a3eb-977d7a22ea4f,1,3,Wednesday
a4f23aab-6f5e-41f5-8706-9b17957e92b0,711ee653-ca22-44a6-b8f7-e25ebc549a2f,2,1,Saturday
10d9e562-6dc2-46ea-ba3f-7c246176bc34,b110aff4-2346-486c-9e72-812324225a46,1,5,Tuesday
44eebff8-6018-4b58-9fc3-8c67851ed144,87535f53-487a-486a-bde0-10cd30fcc1da,1,8,Wednesday
b1eb9c4d-4c3a-41ca-82c3-d8a61ec0dfd1,5bae6ff0-ed77-403f-abb4-1088a9800b7f,4,2,Monday
b952869b-231b-4cbd-88a9-beea8368a78b,a57fec76-eeb0-43bd-8707-89d2ddb0582e,5,5,Friday
c139a9bb-274d-4b82-8391-d62e725b0019,3d33bebe-8f49-4474-b924-704fc6ee8106,3,7,Saturday
7e39b290-b177-46e9-baee-d4df76aa1b85,a15f90d7-5a28-4df4-9dfb-7565c1905229,1,2,Saturday
4f5a9f16-632d-41b6-a218-509f116cd193,0b9f545d-1235-461f-9cd1-8a66b4f25546,4,3,Monday
1b6a7152-3759-4960-a464-7432e3080e09,a447f863-832b-40ef-9b01-d8fb645224f3,2,4,Thursday
5e291eca-1dac-4b5f-9909-6a2b50d599de,3228f6cb-e58e-48c6-8124-7add1576a7e7,3,9,Sunday
822d50f2-3a33-4df8-8b76-7a5d0504cc62,d3fc360b-46cc-40ac-86cc-1d01279fbf3f,1,10,Monday
548b5a94-3f95-4cdd-a6b5-f140a64e95e3,93cd9dbb-581a-4a42-8d22-a2fc4a99edf0,4,3,Tuesday
22e0e949-faff-4f2d-af84-c329d7b9b4c0,a9bf8ed3-ba39-436e-94d3-62fb7ad9abce,3,7,Wednesday
20dc9a9d-a79d-40c8-8c5d-563fc4c8d0cb,644f4f7c-5c1b-40be-b9cd-6129161c1729,7,6,Saturday
03c18276-ca10-4d6d-ab04-90cd2bf76e44,44403afa-ad38-40b4-a197-714b2f240b73,3,4,Friday
43c96462-60f9-4452-8115-8fd771c87be3,c57668ed-be31-4ed8-827d-502ff9b52d52,6,7,Tuesday
6ce3f582-491a-4698-85d7-969478488b98,2d3191ca-5b59-4a61-b59a-4536a2065e96,7,9,Thursday
5aae7c21-3e66-4397-a53b-1af4accf846e,6458a4fe-5862-4d4d-b3ff-f5099e8b7969,7,7,Thursday
b21b69ef-9a88-407c-8aa7-34b0ed9692bc,e3644cc0-6a2e-4bb7-b32b-d4ff4b87c4bb,6,4,Wednesday
a1e313b8-0a9d-414b-b577-5578b2d93e14,c5afa66e-06b6-444e-abdc-95689343624a,5,7,Wednesday
41e36edb-c733-401e-9cc6-b647cfc6d902,f25c3c0f-6582-43cb-8fcd-b0d6a9f703e1,6,8,Friday
e8a640bb-b244-4c62-a486-8f86aaf5decd,2cd1c413-9d8e-4e3d-8ca2-471297a4eeaa,5,4,Tuesday
bc3f3f25-3b81-42a7-bc44-9a2ba3ee75d4,49328472-0f25-4a37-9526-ad8037ed6056,1,9,Sunday
16421368-cb6f-4013-8680-73cb14681339,7042b02e-f95e-4f42-b873-e37a94bb0f48,5,9,Saturday
02ce58f0-f78a-4787-9a07-1801b8bcb6ac,f8d8b34d-39db-4294-ba6e-480e3958f64a,5,8,Thursday
8cfa81ce-94b8-4d85-a941-319aef1b21e6,42c97202-2b66-42e1-8cd4-2eba7e4007dc,7,1,Tuesday
b2e4cfca-85e5-4172-8870-d617270b2cb1,3103a0ac-e7c5-41ef-820f-f41de5730e9e,7,2,Friday
8c3751e1-43c2-4686-80e3-0ae991ab1939,aa1be20d-e00d-46cd-8c97-33965669fdf2,4,6,Friday
4b222e2a-92d8-4795-8c26-8a2841e78456,2b3d836d-02b9-4576-a5b9-04c804554760,7,9,Thursday
73e28ec5-adad-4d73-a938-c93b8b01e048,bc45c602-438f-4145-a6d6-e6acda58cd33,6,4,Friday
b7b64a4c-d117-4246-961c-d5fab4e81d18,cba28a57-45db-4eb0-b4f1-d0304ae4bbfb,5,2,Monday
89b5084d-359a-4926-afe1-55b5b4710617,d166aafe-84fe-494f-a330-826dd20cc8d0,2,8,Saturday
ebaf0a42-98f4-4ee5-92b9-4ceef5553763,aad9b9d7-7b4a-4da6-b98f-7128209b400b,1,7,Sunday
25e3a45b-ce7b-4a88-98e7-735fb70ecb57,56c63e4f-32b8-4c18-bed1-6de1f9d4b4dc,4,1,Friday
347e27dc-f51b-4d18-99e6-be07bbd9a94b,ee4574cf-f576-4202-966f-c129d5b8329b,6,9,Sunday
482900c0-98f9-427c-8f1e-f98304cc75bb,76d4c7bc-50c6-4855-8286-2d1d90b8500a,7,9,Sunday
3605b22d-15d7-487b-a152-b49e2f0a5415,5d0a8c27-a725-4d20-8ff7-d957968cb2f4,6,5,Thursday
9a407f91-5ac7-46db-8162-945dcdf1109a,39ebfa27-a7a6-4e27-83fd-f71a87c8e497,5,6,Monday
405c6321-5504-4ef9-9f2b-7954c8016956,de8fa763-6ba9-48ac-95f7-c69f5543ed40,6,4,Friday
6f5f163b-71f4-4d4c-b99f-f80685c4b622,54160976-6329-450a-ac15-460121afc01a,1,1,Saturday
6d001c66-111b-4455-a1bc-72c4e50f9586,f018e105-402e-4c99-936e-cccdb4e9b58b,6,5,Sunday
fcec5152-022c-4f69-84c3-538b8561a89a,0c1bf730-dbde-4723-8858-1acc87728f0d,1,10,Wednesday
30800cd2-9b6c-4fb7-a57b-3d06c91982bf,7a48a80c-a72f-4f0d-bfdd-307dbc3e09f3,1,2,Sunday
a8a48752-2781-40da-8b5d-14e773a170de,ad9b21f0-ff93-4f26-89b8-97d1de3b9362,1,2,Sunday
07df433a-c94d-4ca7-aa2c-78b5cc07f15b,5de8c72b-bfbc-4ba2-b771-fa697a0fbb83,6,5,Saturday
7faff7eb-42e0-4a99-a6a0-812fd10a6c2c,08b76b6c-1026-476b-9149-62f60e729ceb,6,5,Wednesday
df1b58de-340a-453c-bdc9-e7e8afc8e21d,7b80d7f2-1af3-47b4-8ddb-96f7c5ee1a1b,6,5,Saturday
289f4924-d05c-4c8b-a313-437b51c093da,2b080f39-2abd-4ec9-b9af-04a08ca537bd,1,4,Tuesday
43f86c8f-8b99-4ac8-933c-c686361da881,2b36397b-27ae-45be-b8bf-01ab97784651,4,5,Monday
44ab9df0-5c1e-47b3-b7cb-5c367d75432a,eb1cd4dc-27f8-46c5-8a43-5393d482c447,3,7,Wednesday
6860a38e-b22b-4899-a4a9-fc6473875d5f,545b27d0-5a28-4030-94ac-f5fc2a96147b,2,3,Sunday
d4b62fb6-b088-4ea2-af78-da1e81bb4167,51789cfb-0b42-4147-819d-8acf43d3f9c6,1,10,Friday
fb0ba3e6-309e-42f5-b8cc-9c12bf4bae5d,b2589235-7418-4aca-a80d-4e8334595e05,6,2,Sunday
3a13de34-d479-42f8-b9c5-b0b96f97ff41,f7d829ab-a374-4488-ab71-fa15dc32e286,4,4,Tuesday
4f12a7ef-afc2-41fc-9d33-f70e061a1d31,a2b2568c-4286-4d2b-8c0f-6d7601b322b1,4,1,Monday
6ac8d150-a08d-4e85-a4a4-647df2332351,2806c49a-748a-49ca-b292-905204b073de,3,10,Tuesday
58db3e3f-2c37-4174-b60a-caead1c4dbd8,fc5fa8c0-6ec7-4af7-898d-4b386196d6ed,4,5,Monday
4e97fe01-afb3-4143-9cbb-48b34a5aa5eb,3809a773-9e90-4187-b023-6e1d30924f6d,5,6,Friday
5f08457a-198b-4a7c-87d9-061f66f483e8,42383047-4bb2-4407-b5ca-b1a2e92e77bb,3,3,Friday
ddf65587-4e92-467a-9197-4b098ec16a14,1a4dcaf8-f517-4837-8225-3c50af390779,7,3,Friday
3f892793-ec52-43cd-a0f4-4b901bff63d9,f660cb42-5553-43da-8eb2-3541e2789e68,4,4,Thursday
4cdf9c41-0027-4c40-b942-cae900da9904,563c8588-e542-402e-9c5f-1b967feefac5,3,1,Wednesday
7ffa868d-21b0-442d-a1d6-3137c23f4f22,3d65897a-9568-4c70-b4dd-847180286506,5,2,Friday
7e8f5fea-343e-4475-8717-7a91bc523c32,023927ca-2876-4648-9b94-9b2e85f23830,5,8,Monday
6ff7d8ca-742e-4fc8-8305-415fa0d0809d,540d5196-ba91-4dd1-b2f0-bf701531408e,2,6,Friday
ecc534bd-ce81-4ba1-9886-63b9f0d51458,6cf5c647-2575-4aa4-a55c-d433df86ed3d,7,7,Monday
b001108d-4f45-465f-afa4-dc69a082bae8,3041fcec-6c07-4ee9-b842-c5f5ee6b9fc9,7,9,Friday
b7832a35-55bd-4c4f-ba7b-c358d301b92c,c8304ec6-6aeb-4ab2-a742-2216f2890883,2,8,Monday
f3628a5f-9f07-47c2-b2a9-9e3bb200d717,e25a8770-905b-4100-9508-2bf8ac59c924,1,5,Wednesday
355cad09-67fd-469e-8a68-3c1e057bece2,816e42e7-64ec-409a-bbcf-1ea3a0400817,6,7,Tuesday
fda1c36b-30bb-445e-9de8-b02c0eef98d2,433d8e0b-7d41-4449-92b5-d700ef20675e,6,2,Monday
89e5be1a-9eb4-41c0-b62e-9f9a830da506,e2a95aeb-1fcd-471c-8448-5fd2b19d4ce2,4,8,Wednesday
c73e75aa-b4e2-4bf8-ad46-48def3f26e16,4a3abbba-03d6-47ab-9b01-fc6bcabf04e5,6,6,Sunday
39857817-d1fd-4927-867a-bca312a3e406,19e85779-5d95-4578-8e66-0360f031f731,5,10,Friday
b3d802fb-913d-4ae5-88a6-0cdaf0b5c45f,700b9a1f-58b6-4248-b2c2-b714607ecb16,4,9,Wednesday
6e7ef34b-d10e-424e-9e1f-01838fab2f30,f49bb378-52e9-4621-b7e5-f4ef2b52ee8d,2,7,Tuesday
dc39d97b-85c6-49d8-96f5-3e797e8f881b,5edfbde5-b8e2-4c63-a3f9-2f0c0ea7e373,7,9,Sunday
79d7e49a-d926-4c95-846b-13a01b58ea47,d9686465-4349-463a-accd-765937ae26e2,5,4,Friday
8112e486-0f0b-4d2a-aa97-ed87be2228d1,ba81a52e-729e-434f-aaac-b3156cb898dd,3,6,Wednesday
4269659a-03e1-4833-85e9-17ca79610a03,7aaabfb8-8d8d-4a92-b9c8-82a15b2c907a,6,8,Friday
0291ec29-211f-476d-b715-9c198032d0ce,59f7a5fa-1623-4c2e-a55c-01471dfa8702,1,2,Monday
503b764e-2922-4f07-97f1-03e4dff2eac6,e7a9ddf1-f66a-4575-9408-19bc5d9fceac,5,7,Sunday
60f063af-fe5e-4ee1-b321-fb04889da74d,3a9208c2-2f97-4722-a284-e75701a8265c,3,1,Sunday
ddea9ef4-4bca-4ea3-9358-471ff6ac4d16,2d0043ec-1cc3-48ad-8ac8-5f8edffa6278,1,7,Monday
90fb601b-0574-43cf-b8bf-f2e798edd846,162955bf-41de-4f61-a3f5-67ab285e8a9b,3,3,Sunday
f9d9145b-862a-4425-a898-582a44c3f451,347eb6bc-4d7a-4bb3-b3ea-65149b61edd7,7,9,Saturday
3c500b35-c03f-46df-b97c-6aeeeedbc469,a88f3797-63bf-4667-99fa-df1f03a33eb4,2,10,Thursday
02dd1341-8736-4cb6-a7cc-8f024a01fb7a,423e47fb-8607-43d0-950b-c63a0af62d02,1,7,Monday
bc38d42f-a64b-4b61-8858-a28322d9832f,7c24aca3-1a9e-4d6f-bf81-c8cde7b48a65,5,4,Tuesday
ac3fa3ed-0a77-4188-9b09-858507c05301,f9a743aa-840a-4373-8180-e031d4acc06d,3,10,Monday
0701fc8a-9754-4b99-9094-8c6d1f595e8c,0b98cdf3-3cf0-4693-b9e6-88a3888682a7,3,10,Monday
dc2b5fd9-80f0-4a9c-b952-ee08f3ea5b36,96cf7952-5554-4b33-b303-65e8fd0914ad,6,4,Friday
95edf0e2-fc55-4667-bab0-60859bc2ce55,57880bac-82c3-4f7e-81a3-31e548b7d209,3,6,Saturday
dbab3632-4eaa-4ac7-bad7-e6816b991e85,8a27dc95-c154-4992-a3ec-1ed19cc70881,2,7,Thursday
e4a89df2-bf94-49ee-9a6a-151a4e05c507,8b1b6ca4-b223-488b-9dfb-d69ce44aff67,5,7,Sunday
51e11c07-d873-492b-b951-f1198cd493ee,51a3517b-30e7-4319-ad1f-50c7f17fc303,1,3,Thursday
eb9a65d7-2ce7-407e-83b7-d92726bbc575,b77b33c2-8f03-4ea3-b18f-44c77c1a905e,5,1,Wednesday
01b9289d-728d-470e-9666-d4d7bac9cf08,ffc036de-9fb6-4ea4-ad05-17bd30666152,5,4,Monday
1036e691-4659-43ad-a8fc-2cbfa07b919e,3155e313-32e1-45f7-9998-3eee03fdfe8a,5,10,Sunday
96921a2f-c074-4f61-a666-632fb9e7ac62,c3d280cc-1f47-40dc-8a0a-92977319a5fb,4,1,Sunday
1690c2ac-ff7e-4a6c-af45-3a34162b2671,5479e3fa-5b0e-49a8-b414-49e2bd8683c3,4,9,Thursday
b38360cf-1e8c-4a2e-b915-6b9c90c836b7,57b2e706-e959-402d-a96f-a7b9b8b658da,7,2,Thursday
7000c01e-4002-4325-b823-e40157a6f683,9820ec1a-c197-4390-8764-e52579fc8e46,5,10,Monday
4301f852-5772-4b5b-8557-222b5f7c2646,ef9c3873-9500-4c81-9c42-52eb1ed76d51,2,9,Monday
693d2cbf-70f4-4f10-b955-df14f93495cc,dc198e08-f51c-4077-87e7-6bf0fd33d255,4,8,Sunday
d2fc1094-6b25-46f6-954f-292d242152b6,859761a4-c2e3-4d78-8aa1-440eaccabd5b,1,2,Tuesday
8f625117-ba4c-46af-a10a-4656ae77f16d,e06eb555-2567-4fe2-a468-1387519e0d39,5,4,Tuesday
3f3041d2-665d-4473-a902-6b1bf925663c,97c0aa60-6730-410a-ac93-c77a6d78396d,4,8,Tuesday
c5106d54-a88f-42b0-8cec-0e4eba3e69cc,bc217de3-0faa-4d04-b662-3761bdfb01c4,6,5,Friday
f498e701-c259-486a-8582-7ffd54adde97,c20484e1-e766-4e6f-b453-0a780b73ae46,7,10,Thursday
db2ebfb2-63e1-4ef1-9e2d-d7eab5961b9d,ffcf9a15-baf5-4765-9510-38b8e8861568,4,8,Saturday
f35b6b7a-83b0-40d9-8d70-6ba340e36f98,f41c9312-925d-4e75-8336-c63fedd2d430,6,7,Tuesday
74fe1007-b0a1-48c2-86e2-572f9075830c,1d9c162a-32dc-4262-9f72-c4970a431bf0,6,9,Wednesday
f63eca64-b637-4386-a5d1-1e79923c3463,a71dafae-ad3c-4e91-9a9b-19fe487b097b,1,3,Wednesday
e0a1bf63-6a63-434a-aef9-28df3f806519,10de962b-1b37-4385-b977-ed16b47f781c,3,4,Thursday
dfbaf22d-e5b7-4a58-a0a4-6f98d4b960b6,354ed8d7-3312-49a0-8d0d-3441324190e7,2,6,Tuesday
fcdc66f6-1342-4fea-a491-545231a65218,eebb8834-e742-4b0d-b9b2-225d5c23942f,2,10,Wednesday
4848beee-fa18-49a9-9d99-be9e68a843fe,5a1b4d76-026a-49f1-9665-a308e7ff582d,7,10,Wednesday
d70d61e2-34ae-49bd-a08a-e8fe2822d521,a0f58f1c-c6a7-4dcd-b4f9-47d48c61fe29,1,8,Thursday
50653118-b08a-4560-8e2f-aa688c9128c4,ad1f9aca-837f-430b-9a2c-97d78ed7bd11,6,8,Saturday
00099803-e2cd-4f19-80cf-110214d31ff4,b96a230a-8cc1-4f79-b429-4c7cf57a4f51,6,1,Saturday
c9947581-716e-4520-a044-daf89b05b992,d278140f-c622-4cd0-a37b-557177d498b9,4,10,Sunday
390c83fb-91ce-4230-9cd3-ac68f9eb9395,1b9309e4-4700-4e5b-81a4-7bf320abbc91,2,3,Thursday
1dccc4a7-eda6-429e-96e4-a73237a3c15d,8dcd0930-89f6-450a-b089-6ebaa5c5293f,1,6,Thursday
e21f1bd7-2d2c-437c-bac1-e1fc9d067389,0052f27c-0b55-45f3-aedf-399496f25df0,5,4,Monday
d37c97ee-7c6a-4da4-b60c-21354b74ba41,5c35abbc-f981-4d0c-afd6-20f4d0276eb6,1,5,Monday
5f50bec1-1910-4bac-a340-19f946579543,e73bc41a-5b0f-4ef0-86ea-361d346986bc,5,7,Monday
03d75754-dc65-4cfd-932d-4b8952404afe,2fb7cbbb-2656-4aa9-904b-6566800fd2c4,4,10,Monday
7cd8407b-7531-456f-b562-00bd73c6ad3a,c85fbce2-0ee7-4f1d-bb07-e207dbbbe296,7,9,Wednesday
3bb1e4df-6c60-42f7-bd06-5e33fa369ac9,d641035c-55fb-4b39-80a6-1c02b8a77776,5,8,Friday
cc87a8fd-c41c-4a87-a490-7106da2c2466,6ef1e563-777f-403d-aea0-e52dc7bd9e34,5,5,Wednesday
0d865253-d4d3-4aa2-8924-b49c95632cf7,7d4fc96b-258e-42a9-b2d0-1a79a4e08e65,1,3,Tuesday
5e76caed-808f-4dcb-91c0-8acc3bca5b39,cfd58105-9fba-418e-83df-7c57560d29d0,5,4,Wednesday
45af5900-8aaf-4649-8fc0-8131152e28ef,1999f6bf-282e-49dc-9ba6-9414cfe62121,4,10,Wednesday
280d5363-2a1a-4704-9fd1-5a2a6dde7e68,f797129a-958c-4a63-82b9-163629085f47,1,7,Friday
fcd2c470-ba2e-4c1a-850b-a8a5e00adba9,2c32de86-7563-4e2b-84bc-2479d39936e4,5,7,Sunday
e8d8149c-d268-4ead-a05d-2f68e0fa9ffa,fdd319cd-7552-41dc-8d31-ea19d21e32b6,5,8,Friday
2da7f5f3-5553-4be9-a804-e0fe8d9316a3,a1e28e59-1601-4795-b703-04e658e7a480,6,9,Saturday
ba24a4a2-b591-45ab-b524-cb33a819b4d3,aeda029c-a7bd-433c-af0a-0de9abc6db17,7,8,Tuesday
b2b4c5e2-d0e0-451d-a8f2-87e61a4de806,b6ec55ae-52c0-434d-a5d1-8da12aec62a5,7,3,Wednesday
97dfc43e-10c4-4584-8e92-309b8295d6c2,6c7e02db-a2e1-4e6d-8be1-8ce530f336d7,5,4,Saturday
dda93471-4a6a-4cf7-83c4-d96ee689602b,17de1f4e-eaed-4f6b-a7e9-2779b61d2328,1,7,Sunday
ea1fd3ef-b160-4de1-8bf4-3b0fcaccc9ff,0aff7397-2f16-4400-8f87-a7f443929dc9,7,7,Friday
8db659be-a085-4542-8f86-542be2e8caf4,b34e7c44-273e-48d4-bc29-ef25a3dc81e2,3,7,Thursday
ca638144-9cb5-407e-9747-8f75674bddd7,2b64af67-b909-4c45-8573-63fa3df5eb8e,4,6,Friday
065524e8-c092-4342-801f-a718aeb43323,702f8c89-5f44-4026-a040-e667262ff832,6,5,Wednesday
ed4d675b-206e-493f-8fb7-f02d53ebbaaa,426fec70-77b0-4142-8816-98321dc7c9f8,2,5,Thursday
d25d69e0-98ae-48b8-94f0-766a5354403c,bd0719ed-9f28-457b-9a92-88c0cee51e72,6,9,Thursday
0c880553-876d-417d-8917-9e80cf4ad41d,ccde2268-1797-45c6-b493-2c2937342248,7,4,Sunday
46f79eb4-85d1-41bd-beff-5f534521bd74,90c3b74f-b89e-465f-99c1-18a3263860ac,3,1,Monday
3e80c3bc-055d-443b-93ee-8218d5922652,fa8c21a2-3c6d-4a5f-8949-178e3953ad72,4,9,Wednesday
66bcb174-d93e-48d1-b9fb-a5ecfdea368a,a0bbe8ac-f463-4dac-9fa7-a53a50d85971,4,9,Monday
bbee712b-73ec-4a43-9e0b-a5bb2552b5d4,9b2db75a-a1bc-46bb-8db2-9259935f9d3b,7,3,Saturday
5b5b4056-a240-476f-9859-3617cd371d5c,d0bb8422-7e21-47eb-a529-1bd60065b3ac,3,1,Tuesday
cadd4e0f-8b7e-453b-8edc-5a98b4c2d29d,2225cad9-f8fc-4461-b205-4191f43a48ff,2,7,Sunday
ab067fa4-c62d-47ce-9b02-5ea8f26cea13,f7f7d6b0-39fa-434f-9b77-8853c998fdcb,3,9,Thursday
30284585-1e91-416d-a319-9a2bd73a3f93,0fec8288-f2bf-419f-8b03-b4ac241efebe,1,5,Monday
f130a341-0056-47fe-99de-a4c09aaa9eda,fe370469-dd81-4d70-9635-109e2684cb6c,3,9,Saturday
2b73688f-933e-4f41-95d5-94d7d933d39e,eed7d176-c650-4c8e-9131-db1112691f33,6,9,Monday
26fc0fce-7408-44c7-9401-2b0e12bd2f2d,397393fd-6694-4037-8f45-d0f9acc8f041,7,9,Tuesday
84f2053a-1b6b-4bef-bd94-02569019e918,8938bb6b-097d-4381-91e4-a5c78c4fbe5c,4,3,Sunday
e03a9c2e-0e39-418d-ac5e-d552814affbf,51ca615d-0b4d-407d-b84a-2b839c2fedd9,7,3,Friday
1ac9c6a6-fb18-4cab-879e-68cb068b69ee,2a418496-5d7d-4830-9339-9124aba094ed,2,9,Friday
ddc164a0-99c2-4796-b4fd-ecfdaa086cda,338be90c-8998-4579-bbc4-6a68da1daf85,1,6,Wednesday
3d16d633-cb2d-4711-b584-775e2ce5e97e,c38602bd-1bee-4bf8-995f-f81de71adec5,1,8,Friday
a04dedfe-fb99-431f-86d1-f774326aa79b,f6e2df18-ba22-48c8-8b7a-325cf5602996,7,8,Friday
321f7847-df15-4cd7-abfd-8eb9820c9f17,da3278b8-7d78-4108-916f-79fe2db62adf,1,2,Tuesday
0e5ef520-5284-4783-942f-4e9ef6fbcda0,723e33dc-9a87-4266-8111-cf178148244c,2,6,Tuesday
7f924100-eca8-4577-830b-54beb9b80af5,7403bbbf-e6b9-4fee-8511-7d6468a1439e,7,1,Sunday
e5ec42c2-66c8-455f-960c-5c3e544b6458,2d5801a8-0f7b-4097-9dd3-f604f04c1715,4,10,Friday
41cfd84b-b78f-4acb-83ba-c41823e7bebb,9ab8115d-a403-4526-ad87-341a859b56dc,7,1,Wednesday
49cd6dae-9b69-4fd9-8c34-1de9362da5a3,b3e7a20b-1e95-4e5e-9f49-2207f7f1ede1,5,1,Sunday
68e933ec-0b92-49b3-b260-cd0bb1580d1e,a1f81c28-f409-4f35-a072-be6245802664,3,10,Saturday
177289ed-da61-4a9c-9b9a-325b176760bb,2fe29e41-53d2-4db4-8018-35accd19f26a,4,2,Tuesday
b73e5337-1252-47d5-9ab6-aa240cc1c8cd,69518410-e18a-4a4f-a35e-d314b345ddbb,4,1,Tuesday
fba45cb0-9ad1-4a3c-b96e-2f722a2d924c,93be5857-0cd7-471a-83c9-029b65e8c79e,6,8,Tuesday
b80207b1-2d6e-49cb-8148-a030053658dc,2a2489bb-3eeb-41fa-a8a3-7835cddae9b3,1,1,Sunday
17ae08a6-fcb4-4ee5-863c-07d56f456873,a2c84705-24d1-4699-8683-654bd6ed5e3d,7,3,Thursday
258f875d-514b-4323-add5-75ed3a950f18,e43a2c12-bde5-4145-ad33-612d2ccbab3d,6,6,Sunday
c1206535-f991-44a0-b0c9-2315384c61f3,40e86c08-2bda-4d64-9587-6ca6f7b7e293,6,7,Saturday
539e1076-aafe-40c3-91f8-d9fb2b552f1e,45edf7d8-a95b-4222-9831-7d25e5b69ee9,3,3,Monday
00ba9382-22fe-4697-878d-8808508ceb43,a7b9340d-60ca-4843-985f-f37cfacdbf69,2,6,Tuesday
2d5c65e8-2b6a-4492-a0c8-d249575c5ba4,ee87df92-d532-40f5-a16e-f95801a35da0,1,8,Saturday
e24a852b-e77d-45f5-8a93-44be209fa826,130153b0-96a8-4b0b-90f5-9b739bfce006,3,4,Saturday
49d1b7b2-b3bc-4dbf-a951-38e1fb845d73,2b377160-707b-4095-b7b7-29becda80c2e,2,6,Saturday
049560b9-d29c-4fb4-a1e3-1f578b44ce87,22be58b2-75c2-4090-9c24-977de54af94c,7,9,Thursday
42d12255-cbda-4355-bd84-78067abae7eb,684679b9-2f27-4328-8dde-3fa4354687e5,6,6,Saturday
7f869ed5-78c0-4db5-9a51-d7346dfc3072,ee21f3b2-1453-48e0-9cb3-ca0aa02832de,3,6,Friday
d35fe21f-22f1-499a-bf18-dd7565fdcec3,6a22884b-c8de-4715-8f9b-86b24bdb80ba,3,2,Tuesday
51506227-c9e2-4410-9c7d-33fc68fdbaf9,86a07200-332e-4e34-9580-d27750115440,7,8,Monday
f79042bf-9972-4b96-b5e7-ac347adcc5c9,67650c53-f3af-43b1-8287-d42dc87f2584,2,10,Tuesday
22ef4472-abfe-4f33-8c91-714e5872eaa9,4ef0607d-6a5a-40da-9d1d-def74332e340,6,1,Tuesday
607b57a9-1ec3-4a22-8d06-96d7c7ef3bb0,1f5538c7-c00b-4e98-85fa-b346213a12b9,2,2,Sunday
ea5b2233-bc65-483a-816c-6f90105d702a,cefa4458-587a-4379-9f04-bb769e286998,4,2,Tuesday
1787a45d-5e43-4858-8ac7-55d0477679ed,41a65a65-ae05-4363-b112-589d67b1ffce,2,9,Tuesday
00defcc9-5aa7-463d-b47f-690804dce174,26a01eac-a393-4487-898f-18d2dca3af30,1,6,Sunday
57e082b7-e275-4bc1-bc16-97a0a3c95df4,847af879-5797-4c75-8010-6b906e70fc60,7,10,Friday
9301b975-963c-4e7b-a380-3e240b90490f,d4d84209-52e3-4da8-8a93-3a4731b50f35,4,2,Wednesday
d4dca0a9-6302-426b-b4df-f6ec5262ae62,418637bc-5a44-4434-8d0e-b8b1f21ea6e3,3,1,Wednesday
5a171166-5f3b-44db-ba51-1a79a9c941d1,3d225d68-03e8-4e97-bcd8-ac977e2906db,2,7,Sunday
eb821e1b-ea7f-4523-b08b-ce72a4cd6266,a838c4f9-a103-4c9b-97ce-415be7593060,3,2,Saturday
c50314f9-1199-46f3-9268-73d023cb329c,c794a2c6-4c0c-45de-af88-cf30d7b7a3e1,1,6,Wednesday
9853a311-2bd9-494e-ace7-6c89f02a8e91,87385bf9-a1fd-42b1-ae14-ccf63f3ba894,3,10,Sunday
e73bfe24-f05d-4417-bfc8-0ad1ae56dd03,e63f3cdc-7e04-4ddc-96cb-8615d16fc91b,5,9,Tuesday
0120a135-0c30-494a-a39e-3eaa35d9fa0d,e339120f-0c33-4a96-863f-d93c75acc20c,7,9,Sunday
6690ad8e-760b-491e-8c60-2bad625b7db1,0c37ec39-82f4-4b16-ad07-1d174ce360a1,6,6,Sunday
945833ad-650f-4a48-bc97-446c7fd2ec3f,a0dc74c6-aac6-4584-a7a6-eef5630ea05a,6,6,Sunday
bf197278-7fa2-4f30-a38e-6186745aa315,a2e0c2de-6ded-4755-9b74-8cf7f510efb0,3,6,Tuesday
e78f8b78-c605-4b81-8b97-57921cadc5e9,3eeac49c-0ce7-4d05-ac4f-e41caada2d31,2,7,Monday
254af191-1ef4-497c-afb9-af25556c854f,2603cd44-5cda-4809-b670-4d53646aded2,3,1,Wednesday
0fe3f3b2-4bb5-43f1-b732-2e356230e82c,0d630708-ff57-452f-8f06-1c66fb4cf874,7,7,Wednesday
2594e079-b864-4a99-bcfe-87417206cb4d,e62aa816-7609-4ea3-b564-419c09c36431,1,8,Sunday
c3a21c4b-e76e-4db3-8d90-3c5dd7bf4e33,c23f920f-b56b-425d-aa7f-193d952cb435,4,9,Saturday
0b78178d-7de0-4925-bb04-89d6f76cb8f1,cb9c5580-9fec-445a-84f2-05c75b96d2aa,2,9,Monday
53efe9b2-a507-4659-b2c3-ed9dc18d9c29,af7008fc-7a45-41ba-a1ce-171112155d77,2,9,Sunday
8c0c26db-9164-4bf7-a90d-83ebf21abedb,1233020d-a0c2-4fe9-bf21-f24d8747e922,1,9,Tuesday
219ac561-fe26-4180-8c8f-1acac0dd93e6,de9be469-ba68-414c-900c-0145a4f5c0ce,1,1,Sunday
3571f16e-5c7a-4923-92ea-0feb8e3e95e9,a5d6308a-2f68-42e7-b86c-972b443f83e8,2,4,Thursday
d2f4c9ab-58ae-473b-83eb-44994a77a0f9,0d8fb571-86ea-401f-8fc3-ee893f211720,5,3,Sunday
b0623654-c591-445d-b47e-8206a01544ca,3160cae2-1ffc-4294-bd96-2fe5f895d1f6,2,9,Tuesday
7d038538-0bd7-4d7e-b21d-94c0478dd827,3e050c34-7e07-4f6a-8c4e-dbf1ff1c8d51,4,2,Sunday
432417e5-94d0-4fcd-b947-cfcb2dfcd2c5,ffdae5eb-b47e-4afa-b942-89bd431e2845,5,3,Monday
11970407-5cf1-489e-a652-9f2ac49c196e,ff338511-ac11-4e82-a526-4d77cb344793,7,5,Friday
3c3b1252-537b-46b4-b946-b49ab79ceb8b,ffadf4e2-827d-477b-ab43-35aacfb47ca3,3,2,Saturday
ff1555c9-c7b9-4893-a060-46b21b77a040,6805a692-81f3-4a0c-bc34-a8ed48652e21,1,6,Thursday
d6112473-4fce-4df1-9bfb-da1a9393a393,b923b89b-d7bd-4947-b91f-350aa06a1a5a,3,1,Tuesday
9d6802ba-045e-446f-89ac-6bf75402a7df,d6f9ae67-ad5b-4b80-b266-634397465509,6,6,Saturday
563cac52-27d8-4276-926b-a48da98e5694,05fc0b3f-892a-48c8-9f9c-68f55f784a4b,1,5,Sunday
8d5f0e81-cd4c-42b5-8fa0-018bf6f19e16,440f3f78-5799-4666-b3ff-31d19324442c,1,1,Sunday
87d47167-677e-46b2-9242-6d6b197d195b,21c24a4b-b409-4993-8fdc-7d28d3a8c19d,7,6,Monday
d3e24de8-6a12-45ba-9fb5-943c9fb8c5a3,0a5e3e44-b174-4333-ad39-73c3f0ff635c,7,1,Saturday
1b61ec8a-aa11-405f-8af3-16f296383b05,ad8558ee-9210-4fdf-8004-420869406b34,6,10,Tuesday
158c2efa-c69f-4984-9fb0-37700cb823ac,dcaa5d38-f590-411d-8796-95367535bdc8,5,1,Monday
6557c852-9132-494a-887a-d8e0e489249d,23c294ee-75c6-4633-be27-dea6aaf7516e,5,8,Sunday
9b79998e-e578-43bb-ab83-345c0e8f96e8,9f788816-c5a1-4fa0-a394-cf14b6101d7a,4,6,Friday
0002f248-963c-4478-94f9-36ea2f1de207,306d7055-b1ec-4cb2-bcad-0fdf72a54a11,2,4,Tuesday
a6522e42-f6e4-4a8b-ac7b-d38669c96df2,2f365813-e7c3-4990-b99e-85300e4f14a0,2,2,Saturday
fcaa5a7f-e91b-4ff7-a729-8d98d993a1a4,591ad4d2-71b9-4924-b12d-6537e83849a8,2,10,Friday
243f7262-49bc-48ca-8093-e67e8383d6a4,f37e5993-4dfb-4916-bcf8-53853dba2213,7,9,Thursday
975192e2-d7e5-4b48-af86-4a8860c376a6,bffc9dd7-cd6f-4a8f-9096-03f9f4c353cf,1,9,Tuesday
bf4dc6b1-2eb6-4d46-ae9b-b245b5469d2f,38bdb54e-17fc-4103-828a-55d959312114,1,6,Wednesday
8ef665c4-17b1-4935-8360-529fec0c31b0,907834b2-fabe-4c70-a495-5259f918e46e,1,10,Wednesday
bffc5ec7-8cad-48e7-8db8-7a5cb2f6e8c3,e593e4d5-f4fe-4de3-b22a-84806a2ceebe,2,8,Friday
d89e9ca6-6eca-4d28-af9f-f83957f9c8e8,d4bd2f74-7c41-496d-97b6-90dc8690ec1c,4,8,Sunday
06be3662-5eb0-4348-9596-a610ceef4a58,14bd24ea-92ea-4835-a98e-e9656d22422c,5,6,Monday
c90f6aa8-1d9a-4d5f-844f-34ffc47a9e87,3f6975e8-dc41-4299-bcbb-8dc2dc4bb9b4,1,7,Saturday
748884ba-de3d-4a90-895b-9a1881828dee,70fd7073-5c9c-413c-a34a-32734d003898,6,7,Sunday
8e00a227-e2e4-4202-be9f-c27454643433,43ad01ce-8f98-48b7-955c-c116056dadc6,4,3,Saturday
04ec64c8-2092-4f28-bba2-bb1d65cb7c4c,37c56f29-e0e1-4ba9-b0a2-1f7ca885339b,6,2,Wednesday
0e816817-ea8d-4431-8f1d-2ba3d4da49ba,cc1390b0-4c68-4573-978b-2e71524519aa,7,5,Tuesday
ffc7ce25-f784-4661-8b50-3b7b4ae11cb3,e3276658-a703-4e76-bda8-038e96dbe63c,7,5,Wednesday
65c8ded5-5db7-4a67-a102-189a82db2c78,643627f6-cf0b-4ab0-9867-e6741bd23f3c,7,8,Tuesday
41e1f923-8095-4f03-8ab0-f312f46efd69,5c0e62c3-4c9c-44f6-a1ce-603422d0190c,5,2,Wednesday
08a82048-bacd-440c-90a7-feaacd437f9b,a2554137-694e-42f2-b1fa-244c32c08e71,2,10,Friday
dc65682e-6b08-4670-a064-c630d2c62935,c0ec3b80-31c4-4a23-abdc-0220c3ab042e,5,10,Sunday
953083d2-dbe8-4928-b417-e5104594372c,490c2a79-680a-4bec-8043-15907126bfec,6,2,Thursday
921fb299-206f-4c7c-afef-7bbe584d2e05,8695ca89-23fa-4d00-8634-eccc716bf3a8,6,6,Friday
7ee00ce3-e480-420c-bcb5-c25ea83506f1,493bf2a4-a776-406f-9de8-27487e569708,5,9,Saturday
cb2f0995-53e3-4f87-adb6-546378d3943a,49bda61a-78ad-412e-bf99-754282e02830,5,7,Sunday
50592249-729d-496b-8f83-0edba41647c3,1cceed02-6036-4aea-8feb-dd275b6bd4e5,4,5,Monday
81ae174f-fc06-4ada-a62e-095d6e4a9e51,19ca7cce-9bb9-497c-9ba9-0e65155cba15,6,4,Thursday
91794548-7406-46a9-a4ed-38a2d4fe80cd,e437799f-815f-482d-a3c6-e396ad42084e,3,4,Tuesday
d94f54e2-0847-4bd5-ae3a-ce0c51e5c38f,4a676b49-3502-4f38-b842-73f0390a7d20,4,8,Sunday
6c12232f-e308-49bf-9cbd-2e9fe54dc33e,619d4a89-f2e7-47ba-afd3-9749d578ea3b,6,1,Wednesday
d5f47f61-b618-4f79-819c-557f6978fd88,ccf8a302-f92c-41a8-9452-4866eb075954,5,5,Saturday
e3845ac0-0aa0-44e0-9b89-90d5fb76b4ed,2fdc8944-c726-44e6-8127-958163734cc0,6,10,Thursday
817cd266-676b-49e5-b43c-b88a2710a036,051b0489-30dd-4fca-868c-d968c92b0de5,2,10,Sunday
85084146-05e7-43e5-aedf-5ab8a1fd3239,b440daf3-f7a9-4f71-8e65-8bd6624b223e,1,10,Thursday
7a0f8160-2c65-4899-9de3-9c44d1ed57c7,efc095a7-cba3-44f8-9e55-75e479060f25,2,4,Saturday
d60d4cdc-5a6d-490d-b3a7-97442069dde5,46ea3814-02e5-4bd9-bab5-c8b4fa1a66fd,2,10,Friday
b26a9b55-28c7-494e-8b88-b99ff6604b7f,1d7a8452-36a8-4c99-973d-2066915e9171,2,9,Friday
b44fbc36-d2ea-4bd2-90ce-52b88ba5bc5c,b3e2d6e1-cda9-4f46-8beb-d7aebaa28294,7,1,Sunday
1faefdd0-ca50-4bec-b013-3ab79c8d90f9,71122a73-41d7-4a0e-9e44-d5f62b392b8b,6,10,Sunday
ea858b13-bd36-4c7d-84fc-00289055b500,388d9987-3f18-4625-bfe9-f696b62a5bbf,6,1,Thursday
730d5357-b368-47f1-b55f-61e893b5b79b,d723755d-6a62-40ea-8822-461bdb9391da,2,7,Friday
df593330-07d6-4e23-8b8e-aa9b64a93c31,a991d3b5-bf98-42f2-b82c-48d3234ba123,7,8,Tuesday
66716b31-b154-4a59-9aaf-00c72b855920,1c40e637-517b-497a-861f-414437beb4db,6,6,Monday
f1ca6aff-887f-47dc-be01-2d3fe6b00d96,0c27abc5-58c8-45e1-9bfb-d26758e41c4a,7,10,Monday
20451e0b-ecbc-46df-8dcf-a26b41894156,0eb463b3-1d5f-4f22-be50-fa7a72d59882,4,5,Thursday
0d280a0b-a27c-4c17-b26a-574a13f7168f,e8f7360f-895f-463c-a16c-a6c86feac71f,4,1,Saturday
cb45304b-6cb8-43da-9ba2-8d59881d2e6a,42c4927e-061d-45b3-a9f2-dae8c2b694d9,1,2,Wednesday
bb6d5e47-2997-4db1-a269-5d386d114e35,6177cd6c-5342-4ebb-95e3-190c7c6b4760,5,4,Friday
f171b834-7819-4b72-ab4c-e225914b9062,a7ae7c75-02f4-4d1a-9828-69879a973fb1,2,10,Sunday
4c32b297-97a4-46d0-acd0-bff7a2f76b49,ab801448-f4e4-4425-aa8d-0c014a230659,2,4,Sunday
ce4bd31a-bec4-4dc3-903a-0b5f0d71c4f9,990402d1-f549-4970-b704-33063d3c6796,5,8,Thursday
6a4a15a0-0de9-4775-8f07-d71044ff5f65,ec6634f2-2679-494f-bb71-622516ef941e,1,8,Wednesday
b3ea03a0-dc08-4f7e-ad7a-89f327cfa1d0,7f720674-6fa9-461e-995b-159cca87184f,2,9,Friday
ccba82c9-26fd-44b6-9d1b-5f7a4a2acf71,ca5d7671-dc7e-4c31-8fd0-2ace3dba0bb8,2,9,Wednesday
fa9461f5-daec-4e51-8ddc-4f58bc9b947f,b7d2c1fd-feb5-4d84-b5cc-46b0d1e37690,4,8,Thursday
3aab445a-aa99-4dca-a6a7-f6326acfbe46,5ed97143-085d-45a6-9ac6-adbe5d9d5e22,3,6,Wednesday
d352988a-b1d4-4c8b-add5-88320162c480,cc25ac0e-799e-4863-a62a-7d351b772708,4,1,Saturday
bdf9e45c-c2a3-435a-bdd3-9099a6525f52,11caa8bf-8e9f-44a8-a5f5-8effb6aabff3,7,9,Friday
99e19adb-028b-4876-80d0-64519882d38b,599d567d-4661-4653-8106-b69c7652479b,4,1,Tuesday
680f82a0-bd47-434a-84fa-cc1207b96480,22fe2ae3-f48d-4d0c-aa8d-cded66fc4926,5,9,Sunday
52b210e2-66ca-4132-9b27-db964fcfc01c,33237bff-57d2-4896-a77a-9fa49ba6ca47,4,5,Monday
4a776bb1-0c0e-4d09-99fd-fd08c0ab2154,61c3c948-7571-4205-a882-52cae0922646,7,4,Sunday
98a7af9a-54b9-47f5-8635-2fef5f8dff9c,8aa82c33-c0ee-462d-8222-0a7242318700,6,3,Monday
ec591d03-4a52-4bf2-a1af-a5bfd22e8467,ca563905-f8bc-4886-84b7-d7ad4867c035,7,4,Thursday
3c6c768b-34dc-42b3-88a2-4724bc73e06b,02ea435b-6b33-4bd1-9683-b762d456e964,3,5,Wednesday
26fd17eb-c74e-4c0b-ba95-fb18520ce39d,5c5e31b4-f842-4fe8-a54b-e68e63fb1fe7,1,6,Saturday
8ece7797-5c32-4163-ab63-86623630df49,d606408d-08c2-4d9e-b786-d18893bb0eeb,4,4,Saturday
3c2163b9-f189-4451-8a00-a65783f3c08f,99b4a62f-d62d-4240-98e9-5cbf98ded7e6,4,2,Wednesday
0a8f4850-3ab3-4843-889b-ccc4528b5de7,782e1f02-1337-42db-94e9-3160c476d8bd,2,1,Sunday
fe8fe9e7-0f76-4c77-b21b-cf597be127d4,980a82aa-36e5-4f85-9c66-c403ace86ef8,1,6,Wednesday
b5e34611-fccf-44a5-a00b-db6a7408c2ba,7c7b9dd0-0022-46a5-9fcd-6115c7df462e,2,3,Tuesday
98d61ea2-68b2-4d52-9dc5-55107a7c0a1c,606ffc74-3366-4dc2-b9e9-5329071b55d6,7,6,Friday
6535baf7-3d61-42a8-be8d-5fce9bbdb873,acff218c-e3d3-432b-9879-b165e7860143,1,8,Sunday
657fbe98-e748-4de2-94fc-a47026ec4c14,21c2f6d0-5919-4ea1-9671-bddf91ad364e,1,10,Saturday
9c635422-3c0e-4605-be65-ddcfb9241e86,3ab6c383-0e47-45d9-b7af-9ecec1ebcc63,7,1,Tuesday
6bb960b3-f8e4-4c22-bbda-e3efd2845d5f,fe95fabe-287e-4c6f-88d9-99097837e5c2,6,5,Sunday
fbf0683c-ca77-47ea-9ce3-cf75e4154b98,d696e98d-8902-42f0-a038-8ff07fba9e0a,7,3,Monday
e2962e82-0af0-4b30-a7a0-1a718fe01cac,13965098-6c4b-44e3-b094-3feaa03e06f2,4,8,Tuesday
ea2997ed-d5c8-43a2-81a0-ec9e32922487,573852bf-78a0-4670-b721-2889f1b40a6b,5,8,Tuesday
18f779e1-88b4-4af5-ba1b-cc9df05acd81,b67fefda-282e-4f1c-857c-64db3f77e7c9,1,10,Sunday
8bf75db2-6d9d-4dd5-9eec-c8d0df0f6ae1,4839d3b6-6b13-40b9-91e3-b4ae9491fab2,6,10,Tuesday
62fa003e-8745-45f7-a053-038059622a98,caa4242a-f501-4a87-ae27-4cfc7da63bc2,6,8,Friday
907c976a-3076-4c88-ba08-15ddb51f5a25,cce25c29-7e71-4bed-9549-95f09586a8cc,3,4,Wednesday
ffbffa72-bd1b-4272-9dc5-ce224a359970,67daea55-104c-43a2-90a5-e12bc33b1faa,7,6,Wednesday
5df5f7a7-22bf-49fa-a214-6e12a82e834d,417935cb-f77f-49d3-9dd8-0abc2df12d5f,2,9,Thursday
365e3719-8f8b-4cbb-b867-56ae0f044622,e79e3d40-bce6-4d52-8728-82a9c63fa55c,6,8,Wednesday
f1683b05-f2f9-40e7-8675-dbc495301c23,7e4b528b-3bf6-4818-8282-aa43c04249e7,6,9,Friday
006fb0e1-0754-4536-9d7d-825532fc8ac7,fd0b41c2-f068-4fcb-828d-7027a197ddba,6,5,Monday
29078b75-c5b4-4c65-bdd3-bd7c2b818a3d,ad2669a8-fd6c-48ca-9e4b-4159279aa605,6,3,Friday
604514da-2519-48ad-b979-8770ac0bbb44,81b6f08b-5373-4f21-bdfd-289bad71db4b,4,9,Wednesday
e48767f1-f36a-4aac-b38c-4c11dccfe902,9addbd32-95bc-4b25-b9a7-5c00bdd78b7e,7,10,Monday
58eddd2c-35c7-430e-8f32-af7a274d0e38,2a3405e3-3ad4-44e1-9132-25bdc7328428,5,1,Saturday
9ecb5808-715c-4d14-a72a-f5c8a4202017,c41375ea-05c2-44cd-af5d-333cd7b08045,1,1,Saturday
5e961cfd-a1bb-450f-aebe-41d8d5a99865,aa8eedef-cb72-44b0-a5e2-eabee46c7419,6,7,Wednesday
8a79aa3c-9fd3-42f3-a8cc-d530093da584,96c7d327-a941-48e4-9599-4ed1cdcaa7a2,2,3,Monday
6e2a3221-3b3e-4be5-a673-c7e6c2733931,afed7eee-83b1-43d6-82cd-b9bebe5b830a,1,2,Monday
20779381-74b4-4fe3-84a7-73f980ba9a74,e9a74c2c-8e8b-4f19-9579-75637334c9cf,4,9,Wednesday
7c1b87dc-264c-4622-9cb5-ff0bfb7022b7,3ea58ff9-9955-466b-a818-5fc578a66617,5,3,Wednesday
e547bbc1-c469-482d-92f5-562387dd0c77,a033ff24-2833-451d-8281-1bd87a1ea13b,6,10,Saturday
cbd7cb51-0635-44c6-8d81-00c19df516bc,1f45ff18-2c58-4d94-b52e-616989b53507,1,3,Sunday
5712de49-de75-4ec6-8e7e-b9a4255a7dec,8495a17a-9b4a-46c8-9197-85d255e045c5,1,7,Monday
dcaa3234-8147-44fc-8767-c04b7867ac1b,8ba26e0c-ef7f-4a8a-a171-0e97eadd241b,5,5,Tuesday
ecfec5ab-b543-4219-a884-06978b8576b3,8c616b9f-7eac-4607-bca7-ede6d75c6d0a,3,4,Monday
f266a758-0616-4680-bc5d-d8f793b9c623,bfe1857e-ec45-4831-ab6c-af1f06e95902,2,8,Friday
f023ad31-f2bc-46ac-ae88-2b5204f4e02b,cf6de933-06cf-4a87-9e8f-a2e3872394bd,5,1,Wednesday
cec6f045-28d2-4cc0-80d5-03d417d9628d,08ed3700-98d4-48e7-8bed-2356184c2a1f,3,2,Tuesday
caac96a5-0c8b-41da-bd66-70c82ecae622,650566dc-07dd-4589-87a2-033d66b574f5,6,5,Monday
c80971ba-d8bb-4621-bdd4-444ef91ad340,b44347fc-291d-4c9c-972c-0f97d1a81635,1,10,Friday
50b51d81-3595-462e-b45b-1c41f01367ef,f2e50317-b279-418d-b5f8-327768c62cbf,7,3,Saturday
48d94913-2d84-49a1-acee-3e8cd8523469,512b5082-d8ad-4be3-8aa5-65b34aa3b113,5,8,Monday
0fb45957-399d-44e4-af63-4a8ba4c31c95,f5e6fc88-1405-4a9c-a3df-592fac5f2b35,5,8,Sunday
7ad68a7f-5470-4db5-912a-5add9c1514d2,1051b594-2bc0-49d1-96ed-fea8a6bdc5b3,7,7,Tuesday
f6cc8a71-712d-4dd6-a055-3c55a2ed5ec6,ee77bb47-9725-4982-9ae7-599ab4a283d9,6,3,Tuesday
24e81f50-1997-4c1f-8492-ba3c1cc53dc3,4ae27e3c-7c5a-4460-afa4-95848fd16c4e,1,10,Thursday
dca155dd-7a33-4fb5-84bb-a5dcf41268eb,0b9e01f8-c9ce-4328-bda5-2ccefecbdfa3,2,3,Monday
289c5751-2f67-4268-a5c9-92f7f31c2f87,a2d2f707-19c1-4a20-8ab6-ec3085fe09ed,3,6,Thursday
4ec980bc-25ce-4947-9653-e322ca112458,ae5720a9-363a-4655-ad84-2901b5d1b9da,7,9,Saturday
c7810ed4-7d8d-4d9b-aa9b-322540dd6aa3,87f46122-fe37-436c-ad87-5e72e5fc754e,4,10,Thursday
4ea853a9-defe-44f4-b586-128c61e24354,58b51f19-2a42-4be0-a54e-31bbfbff8976,6,9,Tuesday
0356048d-dcbf-484f-ab98-a8c7bf53ce9d,3401ccbf-727e-4bdb-ad85-6d1fbf90f12f,7,5,Friday
d5ed071d-a06a-4140-8b9e-435d6e16377c,1f3153ef-d176-47cc-ab43-4d6e842edaf7,1,9,Tuesday
12f2f601-ae87-4900-9573-7b5baa3c19fc,6bacb7eb-e319-41e3-998b-79c95dc6bf6e,3,6,Tuesday
b11e7a35-c6d0-415d-a951-b01bbe6c3f0e,ecb0858c-ee98-47ec-a7a0-39cb57fc8940,5,6,Sunday
2422b4f6-d1e3-4ec0-86fb-ebdbd3980e30,16383723-57ba-4614-84dd-94868dd70fdd,7,3,Tuesday
5c6d0095-84b1-4e5f-8351-253b43df73f8,e01c4965-a3c8-4f15-a874-1e9affe703e5,6,6,Wednesday
c4618f49-2e4d-4f5c-8487-53ce8527adfa,5a6c60c2-fddb-4da9-bb7a-65d32e345aee,1,7,Friday
2de40f92-a5b5-479e-be9a-01e6bbd21a04,1c3daa27-d1ad-4f33-9300-e1e7fc40bf7d,4,1,Monday
8cd2cbdb-cfcb-4a0e-b2d0-6d252b14f0b7,20329896-fad8-46cb-856c-fc80379d2085,4,5,Sunday
46fd25ab-e909-4001-9e6a-04e8760cba06,25fc3816-b634-47c6-b8c4-26f95e8d788c,1,3,Monday
9d6d665c-9ede-4752-a593-0db1f1c929ed,e55f7d4b-ded1-4194-85e5-7ee2f52e3be4,1,9,Thursday
ba288606-4c74-4957-a0e7-6440fe6594e4,4a144177-0ddd-4578-b520-877c88a014ef,7,4,Saturday
9103c8a7-5b14-495e-af4e-75f57af10e4f,a6c6dace-a4bb-43c1-b1bf-32e849187503,2,6,Saturday
4900af72-9127-43f8-a503-e6d533e7a45c,56958e22-b568-4672-8b54-8e40d336a859,3,9,Monday
4790e65e-e89a-4821-9955-0962fb73872e,96aae376-1714-423d-8a2c-4c5095a8f3da,5,5,Wednesday
87dbd689-e23a-4571-9550-1ba5ed764318,30968272-6321-402e-9d82-e8e64f5d29f4,7,1,Wednesday
ad61c923-95c1-467e-a21d-603985c80e86,a26f3a9c-1c76-4286-93be-9e0dfddc959c,7,3,Tuesday
d528c94f-6e3d-4ffe-9736-9bd04cd378f9,d47d0692-b29a-492e-9653-7abaf43b767d,5,2,Friday
a6974584-cf5a-4f3c-a4d3-34985d787ce1,008378c2-2bbb-42d5-af67-462513c0b2b7,6,3,Friday
f1e109a9-81d4-4fb6-b1ec-6f196f2901a3,c5f12199-eb02-499e-bcc2-f25b58d92d7b,4,10,Wednesday
44308f8a-01b2-4180-b86b-4998567c8261,73960d00-c79e-4872-b8d8-1dbb7bdcf4f4,6,6,Wednesday
03c0db58-3ab2-403a-a4d0-008818f8759c,f292f91a-b116-4f58-a8a9-e8441ef34ebc,4,9,Tuesday
42c9c0b3-1b4f-4a2f-9bd4-3c353f02afd2,9defe899-c095-42d7-884f-27ae83563eeb,3,5,Monday
4c17ff7e-38ee-40c0-b9b2-0e302d12ae10,259ce03b-3704-4a7f-a214-e043f1789439,1,7,Wednesday
53a8b6f6-72f3-4175-a887-9f44ca127490,860607c2-1bb6-42de-b430-7f5b2c105d41,1,7,Tuesday
e876c0f6-c36c-4890-b4e1-43c36b81f135,4d7b87a8-2006-46c3-91fb-08ab66c1c39e,3,10,Sunday
55aa866b-2702-4613-837e-212be6b2d601,a0042cbc-4a7f-49a7-b7e6-50e3385b46a6,1,9,Thursday
036cb5d8-fc4b-4296-b2ca-8ca7afbc405d,53a37256-ec2e-4e12-a147-d65217e2811f,4,6,Thursday
5c815c64-f1ea-4791-9277-056afd656590,70fb89a1-5f06-47d1-a23b-44594c93fa79,2,1,Monday
ca8fcd4e-b669-4c7d-bbdb-0b7c66c3c4c8,cdec4a82-d05b-45d6-908d-e9ced4d20401,6,9,Monday
41890438-7c45-4c4c-a72d-58013eea2673,152449f0-70d9-4654-8690-a4d7530341cb,2,2,Thursday
3188652b-0651-4cee-a044-640311a1b2a7,13b7a767-78e4-4ed8-8cda-c975058ae491,7,7,Sunday
20119486-18f7-4256-af48-556a1d1ba078,a4cb43bd-00fe-473a-95ef-f32bf0f8d67a,6,8,Tuesday
215b68c0-2e45-4ab2-8c7f-c96394a566fb,061ae3aa-dd4f-409d-99a7-98e42940e2ce,4,2,Thursday
5dcbee91-aeb9-419b-9d75-81770280149e,b8bcc664-a1df-4e14-a241-37e9cada835e,6,10,Wednesday
3b61350e-f56c-4144-8df1-701c96c72d90,d35d7727-f7c8-402e-9a65-92c84bc78cf1,3,9,Sunday
8cd57dd8-b40d-46d0-879c-4a9a5698fa8e,5f032ae1-0efe-4251-bf46-bb27da1ad2db,5,3,Thursday
d0dec46d-b545-4f5d-bd82-661920f7a1c2,5b7782d7-7772-4d9c-aa92-eea31f5e4110,1,4,Sunday
b0a345ea-c4ab-4383-a226-7ce90c377ddc,ac35e271-eed7-4321-bfe5-ef274216c375,1,1,Friday
2743332b-e576-4a28-abfe-2c027943c2c7,abcbbf36-a5b1-4fbe-adbf-423abc4be747,1,8,Thursday
84c929dd-98b9-4a19-bb4a-bf03197cc440,254fe3f3-8a09-4ad6-b661-ce62a35aee73,2,7,Tuesday
11eda2ef-d3fa-4bc9-9044-5a4fc9e02a35,fc3a8086-6e1e-4e6e-bb8b-fad780076928,3,5,Saturday
a108dfcf-ff79-4db5-9d48-a649395c931a,189a4f0c-49f6-42ed-9ab7-6b461471030b,7,3,Monday
b4351c4d-3112-4381-af69-ae9bb0c566a8,9d95467e-89c4-492a-b0e7-516a25d99f52,4,3,Wednesday
52035370-455b-4a24-b3d2-09693e9f78d5,4d7ff841-8406-4ae9-8b2f-540a755ffc89,2,6,Monday
3c90ffc4-857c-4332-b1c6-28989ac1c0db,19987160-9c2e-4b33-8c6a-3dded5f16475,7,8,Wednesday
c9dfd43b-1cef-4ede-973c-2949bfce5782,49546d88-3099-43b7-ae16-57539c5fa5fd,7,2,Monday
ee701db5-3b2f-4f48-a05a-8ced3507f145,21124164-439d-43f5-bb30-7646188bdd55,2,8,Monday
240f0d93-5e5e-4cd1-bdc6-7cae25fd93da,c2dca3a5-c3d6-4ba1-bba3-11cf8b3848be,3,1,Monday
4800e921-368c-41a5-9e31-9c6a2f6490e9,2866abab-759d-4905-b4a2-825ed5fa90e2,5,4,Saturday
3f6a1f7e-c78d-4f32-8539-394e295b5976,359a146d-bb32-4327-99c3-daab1e625e6f,6,9,Saturday
bc4bb0f2-2b7d-47c5-a65f-696b85c6a5d3,3753d5b7-c6c4-4ac6-b806-5bc0fd3f1f21,3,4,Wednesday
3ca16ee4-0809-4da5-9303-963075a9d1e3,be8d8950-1f9c-4649-a8b7-4245f5a3d727,7,3,Friday
3b107ab6-a6f2-4920-a8b7-265cee0acd10,2e0bb898-25b1-4d7d-bf7c-136fd1cc5800,2,7,Sunday
4f81c084-f6eb-41ee-8078-a366a1b1177e,0c180657-57b4-4339-8590-fa5c7b07d123,3,9,Monday
1fb1ea65-7b88-44f2-af3b-ea6c9411d591,71fe8157-477a-4e50-8596-c043c4971c49,1,9,Monday
0a145947-4abc-4b1d-90c7-9fe5cd903441,4896d706-5963-49a9-a17d-d2eaf5f6ed0c,5,10,Thursday
3253d640-f1bc-4f25-bc4d-d2aa201f383b,1c4cb51c-c815-4504-a238-498ea4b0157c,3,2,Friday
5c55bded-7eb7-4e4d-987f-a1658f32833c,e16ec172-26ee-4623-b825-bea54db25ee3,7,8,Thursday
bf499439-1918-4a74-af61-128a830dc7a6,c45439b9-4f11-4ef6-8122-f4f3916d95f3,3,1,Thursday
fb1ac097-773a-46d1-a024-f13f876d11ed,ae7eaf5f-4917-4b71-9c8f-8c17c5a07129,1,10,Monday
d13f51a3-58e5-46a1-b872-c192f36455f2,6a5ff83b-cdab-4fe7-88d4-d8d774eb7dcf,4,4,Monday
a655624e-2314-41a4-af41-fa0c864ef621,a5d4264b-6e3e-4036-9ad0-735855d8837e,7,3,Friday
f0792e97-6f37-470e-a082-02c216fabff3,d9000c3c-fd59-42be-af5f-d984a1e29e25,7,3,Saturday
7ca37321-3392-484d-aa24-01aef05f3b92,378b570f-29ed-4f16-b94d-3ba03b3e2e20,7,3,Monday
3d16b9ff-c15e-40e9-8ddc-3a205f92a97d,32bc0437-c29b-4454-abcd-87c295c6d8ce,7,6,Sunday
b5383eba-bc2e-4fca-9137-26b94c0af0a8,b49fe643-bb5c-4cc1-bb5d-1959403073de,1,7,Monday
d778d7bb-7088-4d2b-929f-18fd35495f0b,f4c8802a-8629-4cc1-9fab-539b75a9d992,7,8,Sunday
9c271f83-aa75-4e08-9e14-06ebb5c15a9b,5a153ade-35c1-44ec-883c-155214a2fdce,5,3,Wednesday
bb5a1ad0-9999-4fdd-ab4c-e8974c5976b2,9c65b17d-6245-4cf3-968e-b08bd5dfad77,2,1,Friday
6da87e46-919d-4857-9f61-cc275ead1179,c3de561d-af22-4adf-bcd8-bccd0d8c4fb9,5,1,Sunday
3a881491-7eca-4a70-97b0-262b4f039469,51dcf255-e974-4f32-846e-92ddf6994783,2,6,Monday
9416fd0b-9f92-49f4-91ec-ce86619f4f49,bc778b60-9da1-4a5a-b48e-2c2448aaff0c,1,1,Monday
659965f8-6b0a-47d7-a76f-2eaacfe64bb9,8d441fc4-5b65-45bb-af70-71d80ba2f6c9,5,8,Friday
5bfd0764-fcb6-42fa-aff2-2039d73e4d1e,5ebf2f38-d72b-4dbf-bcc9-d4fbec84066c,7,10,Sunday
d636822e-f4ae-40d7-8864-ae4fae36b1b8,62074937-062e-4754-86a6-d40da9a18367,2,2,Tuesday
34cb0ef7-c568-459b-a0d3-626f8ec72598,12477e19-0c7e-4b30-b386-1b2974422be4,3,10,Tuesday
396f5efd-d999-4a2a-9ee3-be48db33d2d1,5cb155b1-5c26-468d-9d3a-44b2a5a9809d,3,4,Wednesday
c5f868cc-e01d-485c-ad39-62fabe26b340,728ec301-471c-49d3-9338-cb1fea2ef77d,3,8,Thursday
5106a788-d657-40cb-b343-7f63700ab4f4,7c86d73d-f8c6-4bf7-be77-8dc6c533c85e,2,1,Monday
5ec3b43e-5bd4-45c1-aba6-0b7a7bdf9234,a1540720-d5af-42ff-8eb4-dfdf5c73e4bc,5,5,Sunday
c3299bef-2951-428c-b69b-1a97e45bddb6,d7df4747-7366-484d-ab8d-c44982b8d564,6,6,Sunday
efaf6b30-85f0-4f77-9262-2697a4e5eb63,4639702c-dc93-418c-a260-741be85535da,2,5,Friday
99a74e6a-f674-4b51-9851-f8bdabbecfca,211ee10a-7939-4134-8a1e-201ce5fec8bd,1,1,Saturday
57fb4c66-00ff-4872-bbba-58c93f9645a1,07ce2f51-9b91-48b1-9a5b-6872138a496f,1,5,Tuesday
ca1d3305-4186-4458-bdd3-13258109b507,32252f33-1edf-4fff-9011-54614ec3881a,1,4,Friday
f4dc6b25-175a-4e36-a130-293ef7649fbb,1092e80f-023a-43e0-bcce-a62aa16c49aa,5,9,Sunday
3a080be0-392c-4a55-8afc-711224a6230b,13c782cb-8905-4f35-97eb-f2bf67a61560,4,8,Saturday
a899a480-f763-4f88-89cc-e4ceee53b9ae,1063ab8b-91f8-4ad5-abdf-c91a50fa97ad,1,6,Saturday
e7f99d58-892a-4de5-9e5b-2f8ae4ebe2dd,99617e6b-d17b-47c8-8069-11619d457268,6,2,Wednesday
ba7b934c-71cf-4dd6-b6b6-47036cfa8515,ae28352c-9e3c-4fa6-a695-7d8cf4db32f3,6,5,Thursday
1eb215fe-e208-4f80-a21a-d30fec4f77a7,9bdd7849-b380-4171-ac86-b9b135c482b8,6,10,Monday
09a5bb2d-6d9a-49c8-8709-9f6b27eb1cde,fbda1902-96e7-4ab0-b9f8-36f767d7f45b,3,1,Friday
2137ab51-f39b-41a4-bea2-41840a07c19f,824ce160-9bb8-4e1f-a817-5a46ecbb04f0,3,9,Sunday
2dae47af-ab50-479f-9457-172925e0deb7,6ec22ad6-3ab4-405d-b9f5-afc75a820b4d,3,6,Monday
cfc60451-3119-4315-9e59-0c55c24f7781,6ae50616-6b0f-47f8-a81a-0b44f515c12b,5,8,Tuesday
3ad5a9d4-3b11-45e7-84a4-7dd889383b25,dd2f5ef1-c679-470c-aed3-9dcf8322c539,1,3,Sunday
8470ec6e-e059-435e-96f9-988087363b73,89dcdb5f-6d44-43ff-b26d-5a315c99f634,7,10,Tuesday
01f554cf-dd45-4453-b6b8-a8550a4219fc,166fc9cf-b6ac-43b4-82ea-d9b097ad4a7c,3,2,Sunday
b1dcd2d1-a302-421d-9879-11d84c87d0c2,c8ec1351-676f-499d-a6cb-385499417e1b,1,10,Saturday
37de35b7-da04-418b-bdc0-658647293761,83651059-916f-4b77-b3f0-cfd76ef3857a,4,3,Tuesday
09bada0a-888c-4852-8d91-239d4e1a459d,00ad3081-d7e0-4b4d-91ef-451b73a2b341,6,8,Friday
eacf3ae0-b5e9-47b0-b5d2-38bca091a353,f6ce66ba-5433-4405-9c47-c68eb58bd1df,6,4,Thursday
341a3dfb-77be-4df8-83b0-66b7dec41ca3,c7952817-cebc-4465-8c79-81cc3e458805,1,4,Friday
b73b6289-83c9-498a-968d-d4f9911fef17,e90c3846-cb5b-4b43-8427-a21d9ab8a471,6,5,Monday
2e9f4501-9521-4d28-86de-d846b849b23c,f0a206c1-33e1-43e6-84bd-4b301f6cd57d,2,8,Friday
f7596d2a-6ef6-4abe-ae7a-55842ae10571,b5283f0b-7808-419a-be05-9c5f57813ed8,1,9,Sunday
03075bab-7d86-4778-bb9a-a535448cb097,01111907-19d8-4858-86bd-8e5fca9295af,4,4,Wednesday
eb601c1f-f8cf-4858-b4e9-d61fcfb5fa61,3f7a1306-4c2b-4f67-8c39-bdfb0c5cb071,5,9,Friday
f79a752a-88f8-4be6-9728-0ddccadbec79,e1e76467-315c-46d7-8c0c-d1262c98b361,4,4,Friday
6f4a2d67-10f9-4726-a1d5-33b872b039ba,669b1626-6484-432b-a1c9-285eee52ebb3,7,3,Monday
983c9fe5-50fb-470e-a0a0-c43668a8b0b0,f192de80-fdd9-4f8b-bd75-26bc35f06b3f,7,10,Monday
37a7b6c2-7862-4bff-8db6-6cb0a4ef3f1c,298672a1-b3f5-4661-b6cb-7820cdf5e4b2,6,7,Tuesday
d2e84e2c-29c4-4ad3-8a4a-845b608aa3d9,a1e5cd55-f3b3-4893-9b32-28b4010d9748,6,6,Tuesday
9da9bb4b-bc56-425b-bc58-c4d33cb9b71b,c08bda6e-143d-4f7d-8711-b7eb0c951308,4,4,Saturday
3f6a00fd-cc3a-4685-9e67-891177e8e97b,80f2fa46-d508-4f9d-89f8-6fade1309f4b,2,10,Thursday
a0af2b45-f802-4a4c-8854-564bb31f2d11,129a50a5-a448-4b16-971b-35dbab0b1893,3,9,Tuesday
22f89abc-27b5-4c92-aa37-130278af0d21,f1a7cce5-0160-459e-ad7a-12a54fd11303,3,1,Sunday
ab191e45-1b6f-4a3e-b291-e2e6357bd753,4aa5cdfc-c23d-4a98-afd3-90d037a3534d,4,8,Monday
f070cba6-1f5e-48f6-982d-3729901a8db5,00e72a91-7aed-43e8-b44b-0d3875e7e497,5,1,Sunday
7834c9e2-ef33-4ecb-b0b2-ce3cd09963e4,b09da40a-63ec-483f-9a69-39a7f1902d65,3,10,Monday
7368d872-441d-49e3-a7df-35fdf85b13ba,47e325b3-3f36-4dd5-86cd-eea68b517751,2,5,Friday
a2c9ae6f-1155-4b61-a425-325b0718990a,e3c96294-ef4d-439e-a3ed-a6ffc0bf413b,6,9,Sunday
c88cea0f-b4d9-48ad-b1e3-039c03b4363c,c8d8e1b6-6577-43b3-ad17-b9007b496673,5,1,Monday
ff0c9d06-579b-437e-8ed5-9d4494de5e21,6b7a957c-a48d-48a8-9eb0-d4bb95f3e8bb,6,9,Friday
12bdb8a8-ed01-4e50-9d32-d81403ca15d1,16f3d863-0be0-4f12-a331-bc66d4514bbd,6,8,Thursday
8ef3337f-4612-4327-a465-70970b9b4db5,f33b3fd0-c040-41c1-b148-c9a9cbf4d17c,6,5,Monday
ca5abb43-5345-4a95-9262-7b5a915c1e18,3f7bab40-d8cf-47fd-8d7b-7460053dd2dc,7,5,Saturday
95d01315-480e-4d32-9b59-bca2c1f65861,28641b69-4776-4fb3-bac7-35d803b5fc6b,6,7,Tuesday
8f49ecd5-dd02-495a-9e4c-31e2cb146bf0,6ff9e588-6adf-4afc-8d94-e9b97876d4b5,5,3,Thursday
25e0f28c-9fc3-4f8b-805d-fbf26aff1535,4c0a5960-f669-4f73-8370-8f17a09d132d,3,8,Wednesday
69ac4dc8-210c-4040-8ba6-dc7de561f895,f2448ead-89be-483b-bb30-50469e69a633,1,8,Monday
b2e3b675-2756-472a-99e9-5193b1a36383,4afd6325-6ad3-491e-a288-6343c6e6d453,6,6,Friday
044e06b2-bbf0-40be-93fc-cd9051bb3614,182d7c74-2a2b-4b07-9b44-041f2b33e5ba,4,5,Sunday
2d6db41b-99bc-4e24-aab1-65785055953f,b6585244-de77-4ce5-a6e8-5c6cde01770f,5,8,Sunday
a34f9dcc-74cf-41c9-8fc1-2fb9da26fbf2,01221d18-fcf3-46ab-9236-d87d0ae0a6ad,6,1,Sunday
3096963b-36f1-4eee-838a-9290a1a3ba4b,1ff09852-b4d9-4ff7-9321-29f7a86892a9,5,8,Sunday
f91fd62f-2b4e-4892-a537-1f5d21f0857b,2212bbe8-f97b-4c4f-8704-1bf47609ae85,4,2,Monday
b87352ef-0cb9-4f04-93e4-fa7ec6ec92c3,733af84a-38bc-4d91-9010-41b17c0ee65a,5,10,Saturday
e5733c5f-f9c0-41a8-9954-baf3d2571d41,dcf7a621-cb8f-4bc2-a8f4-75bfd38e62f4,1,4,Tuesday
2806a007-ca16-4726-b041-e55731775104,c0bc826d-0707-4324-834d-961b01572cf8,1,8,Friday
ada97152-72c1-44bd-afeb-1676ee5dbc81,413caf3f-4e51-4c00-8e87-eb3fb8cbed6f,3,3,Tuesday
a3104d27-14f3-4844-9f72-059f28062aa9,6150713d-bf8a-44ca-bc20-2ec7e38ca525,5,6,Tuesday
5d47df39-1feb-426f-b03c-9fda873d4b35,622cec8a-3b8c-4ba5-a087-285756b7c72e,7,9,Saturday
8037824b-83b7-4d1a-b00f-ec93cfc7dc48,453b676e-5d48-4a5f-91f4-d4d9a5795859,6,1,Sunday
d557d2cc-33f8-4f8e-92e3-db8d433c1319,c48a940d-9967-451e-8048-98a0f8b88463,6,6,Friday
28ad92db-de09-42bf-b44f-26951756af9b,05ca6eb6-0fd4-43be-ac0e-f6f97043c1c8,4,10,Monday
13288455-7ecf-43bc-9de4-3614c3cb9e35,bbec055b-7f43-474d-bdcd-e41765339e15,5,1,Thursday
b698befc-ad01-43f7-9c02-4416f5ef3130,adb30454-415f-4625-936c-1ef311ebd432,1,9,Monday
bc8c988d-5793-47c1-a529-5e6a3eb4ce6d,38503611-c7e0-44ad-ba3b-0621556f52d9,3,6,Friday
f218987e-569c-4047-8a09-7b3466d28b5d,55e82a6e-7aea-44b5-b0cb-484c00fff4d5,2,6,Tuesday
56c90b00-c7c3-410e-814a-648cf649041e,d0c9963c-2ba5-432b-9ffd-17c832521cd6,7,7,Monday
cf9a41aa-5948-4780-8804-6dcac7b6beac,0ce2b11e-cec1-4aed-80ab-4157b88c78be,3,7,Thursday
c3e06745-d247-4ebe-9adc-adc73d40a57a,efc78997-a647-4a49-be07-296257ce03c0,7,6,Monday
5a286970-f628-472b-b814-2578c2c1ec46,a66c9164-856b-4101-8634-5ad137ba134e,2,8,Saturday
32864fa6-0e7e-42a5-98fa-2459014f2e57,9a1fd35c-211b-4a6c-9c59-62e5b54ef93c,5,1,Wednesday
1f13fe1a-d464-48da-8d78-cb7abf1aa419,7ee912f2-53c5-4537-9d97-348f9f8bb99d,6,3,Wednesday
44c7f71a-30fe-4185-b6ff-da984a74c97f,a54ac204-1d5a-4847-aebb-8df18659a199,4,7,Tuesday
061d52b3-65c1-4043-844f-3272d47c666c,ba40e139-2b0f-41af-a363-c89afe194f96,3,2,Saturday
e4773ae4-ab9c-4d0d-a13e-97f8cd960f03,6f5527f1-7584-42b1-a1cb-a4fff49bb0f6,7,5,Saturday
5e310c9b-d4dc-46b5-a54e-255137f1629c,60ad5ec4-3ffc-4baa-8d5d-2fd881e921b2,6,1,Wednesday
548396de-b97c-4b5f-bcf7-dd3c6cdbdc12,2aa941a3-a57f-4569-9be5-aa900df39d9c,3,10,Monday
f1b415dc-270e-4944-b6f1-0332486c7b5d,663c10ba-cdc8-4d07-bb8e-b4e38d374352,3,3,Saturday
7de70a3d-9554-4a55-96d5-4a46622a9cf9,16b85f7c-81b3-44a2-92ee-fde878e76a06,6,8,Monday
0bb2d9e2-53b5-4230-8443-2dbe26591384,839afd19-6321-4e12-bf4f-a86776cf8099,3,6,Friday
6fcddf7a-ed84-47e5-9f21-6442598f6d36,9bf9bda7-66fc-497a-ad99-72ed55addd18,5,2,Saturday
c62a692b-5e65-4e16-acb9-de8df144bb6d,4cb81277-2286-45ad-8588-e1660e1f16ff,1,8,Sunday
612bf320-2c4d-48e0-b599-13db86bf5557,b27f2acd-1a25-469a-beef-600d065ceb93,2,7,Sunday
379fc6d2-adf9-486e-b280-41d43dd4e5f8,c7d85dc3-ff0f-42c7-908c-661f9e1e0c1d,7,2,Wednesday
8072eed7-02de-4ccc-914d-8e2c60371813,a019f6dd-2d55-4f74-81ba-d94c96f0faa5,1,3,Sunday
f61e5d99-20fb-40bc-abe7-d7d1ae209a53,59a93f2b-d307-4371-982d-fc158876264c,3,8,Wednesday
aca4601b-bfa1-45b6-9b03-ddf89bd6f608,8cff4ee6-b08c-4b32-8185-3e22eeb58a42,5,4,Thursday
e5cddc03-28be-48f5-9b3c-5e0acc061456,01537de5-ee2d-4fdb-893b-4ba780a78a34,1,5,Wednesday
a86c410e-d310-48e8-b29f-c3da20783e0e,b2f906a3-3b85-43b7-a169-e255b554714c,6,2,Friday
8cfd4c46-af39-479c-a445-7fd26672328c,87fae2e8-318f-4585-af69-f8a6afb64012,1,9,Friday
53798b12-cd52-4c36-b5ef-eebfd7a07fd2,0817e9aa-f76c-4e0e-8e81-99674bc434e1,5,6,Thursday
e6853f32-8533-4835-8eb1-c032d0f0ee5f,58843674-20f0-4d62-b266-1074d8682961,4,5,Friday
ed364268-7749-4aa0-bba5-c125387a7099,f82dc753-8a9a-43d1-851c-44800dfbd816,5,6,Tuesday
f33ca3a9-9624-4961-a2a2-867b3498d105,faa5de55-1fb3-474e-ad37-26a70cc956c5,4,8,Thursday
34281dd1-d12c-486b-8cc4-4fb811793222,8c693ba7-4249-4451-916d-5b4b62e11ffd,2,6,Saturday
789e10d2-ec7d-473d-b512-8e7b3e8e76fc,ed9af404-0814-4761-bc38-3dd73cbce861,7,6,Saturday
a497d7d9-5ae5-41c9-9be0-f1cc6ad317f8,3c5653b1-c798-4bf5-931d-248fd58acf6e,4,5,Wednesday
f22b2a80-264f-491d-bbd1-4d847f389d6c,dfebb1e0-b651-4713-ad32-fa0381f1e111,7,9,Thursday
b0d4ab5e-b235-460f-bd0b-bf6a0bbd262b,e6600c26-ad31-406b-8756-7240b4bf3b45,6,10,Wednesday
5829ccaa-e796-41db-837a-c3af2e237438,95588137-bc89-4029-a9eb-e5ad501a55b2,3,3,Wednesday
b6cb3023-699b-4ff8-8dec-20308f4c73e2,0ba636c9-9d8b-4137-9e0f-f0011ef24d2e,3,4,Saturday
3166c974-20c1-499a-9515-7fb19f252c94,1b940ff8-79ec-42bb-a379-cc399b335cac,1,5,Monday
44014ed2-4f2e-4cdb-aead-01edf821ef64,97fb5439-099e-457c-9988-bf830226c88b,7,7,Tuesday
6e02544b-aefe-42dd-b387-ce1750bb24af,fdc4bc5c-e651-42a7-be03-0cc2b59a1eba,1,1,Monday
d3b61108-beab-40ac-9534-dbe31869b9cd,fdc212cc-07ec-4452-9d8e-ac4bad096b20,3,5,Sunday
b333d4ff-d979-45ce-b5ab-c372f5b1cadf,54ed2b8c-9758-4b14-9096-d9e6dd8a3fc8,4,4,Thursday
37cf2a55-eb3d-48ad-8eca-557f14c6661c,dc0c542a-ed3a-4c65-ada1-0b3f1b22bb31,3,1,Tuesday
d01f2f1b-bc1e-4c2e-ac30-83969d087bf5,37c9fc94-bedf-4495-8fa0-bfe7059145de,2,4,Sunday
9dcad414-209a-4bdc-98dd-882ac3cdf27d,6d87c113-610c-40dc-bba1-8fbb8204851a,4,9,Monday
6f925317-04ac-4d22-9493-be71cfbc1fcf,9daf3b26-125b-49c7-a717-f51e2d9cfa07,2,2,Saturday
5a847bba-a934-4703-9d87-afb19c211af8,53958c32-d6c7-444e-b54a-64f7e7f8f6d3,3,5,Wednesday
3103b936-6b74-4269-aad3-7eb7d0e2517f,80b8a813-ef9b-4dd7-8214-b51697f2de13,7,10,Monday
355760ec-2de5-4735-bcb3-ed9d353ccea7,7f91182a-d464-4e3c-a94c-42849744b2ad,3,7,Thursday
675a9872-9434-45b3-821d-d97fd03b3dcf,1254365f-6eb0-4e1b-a7bb-bb671e4df437,4,5,Tuesday
69a697aa-da02-4bc3-975e-ab44d0f6bc9e,9599a161-ff4c-4b61-83bf-3afce7003d00,4,8,Wednesday
c5cf153f-627d-4a46-88a8-b686f8e73f2b,9e1e47b5-81d6-4520-9054-52db255522ba,5,2,Thursday
a2cafe55-64e0-4e47-8520-54c936db1a5b,00364d57-bf3d-4cd3-bd5d-2011914e1de3,5,7,Saturday
29f98a7b-899e-4291-910c-fa81690ecab5,bf53c622-2a86-4927-a725-8ab5bf9ed2f7,6,3,Friday
17366f18-4485-4285-b27e-41a3d139943c,1973be7b-71f7-4ff6-bbad-19390878618b,1,3,Monday
547b18cd-ea04-491f-a12b-d866016da850,03cbae93-5e43-4745-884d-1c97d1cf6348,5,10,Sunday
7616e89c-efb2-4d66-84b3-d351a641fef5,c8474fa2-291f-4987-97fb-e08f41a7b053,1,5,Wednesday
23e1f0c0-2180-4e9c-9cc4-ab757e2829e3,e80276d5-a5f5-46c4-9ad5-24ed0d5d6241,3,8,Thursday
f01836c7-7d38-490f-ba4c-f97e038bc42a,1f2952db-374e-48af-bc77-c77b6d8e7ed0,4,8,Friday
80e025f9-132f-4ed6-9c2b-ccaee8c86edd,866366ba-1269-4888-9ee8-9dcc00d8ee10,6,8,Saturday
7e49bbf8-844e-45e6-9bb4-fa7110c9d181,e50665d5-6d6b-4f75-b9db-1a6d5f7a72d5,3,8,Sunday
04dc20cb-9811-410b-a8ad-732e5b535551,da91ebdb-ae5d-4503-8c16-5918f3971411,3,7,Friday
ff01ae5f-c37d-4ce8-ac65-05f993d64a90,926ddef5-69e4-49a8-93ba-964a68d04c64,5,8,Thursday
a3983627-99e6-481f-894e-fb3028997de2,f5220e48-befa-4b31-ba56-307e1d0fefdd,7,6,Tuesday
a3ee4a28-6522-4db5-80f2-54daaa48502a,dd00290c-c84e-4d9f-ac58-74fd2fcc185d,2,5,Thursday
da4c3a5b-d164-4e47-88aa-3a29f2bbb1fd,32263368-d8a5-468b-b19b-08e551649c65,5,2,Monday
6dfa67ca-bbfb-48ff-9e9c-b9440cb1c064,b075cf56-b71a-4da8-ab30-ec77a4f29a83,5,1,Tuesday
5f9ef19b-4a54-4a04-b8de-4992b9cc7596,f23b39a4-4acd-4b73-8451-318d89bc909f,5,4,Friday
9a38e6f3-2c90-4e8c-b6ba-ca607f2bf0c6,3190d773-7660-43b5-af30-042c7354d9f8,6,3,Sunday
6d3dcb26-fcdf-4de4-88c4-83c1345a4af9,f0916fde-34f3-4707-b9eb-a722e3739cda,7,6,Sunday
07339274-363f-4873-aad0-49db7d4a0c2d,e3f0a6da-0646-434c-9789-5d8d3fc32d29,2,7,Friday
6b818eb7-1b3c-45cf-9335-81d9219c3bc7,31088389-fd8f-4142-af94-01b30611c836,2,8,Friday
68ddad7e-f17a-45c4-b5cf-46714a6d9217,c0b23159-814c-4107-8beb-35697d30c3e3,6,9,Wednesday
a4ec336b-37f3-48c6-ac3b-77aa1a98341f,8b6c5e4a-9bd1-41e7-98bb-4948da732eea,3,9,Monday
97b06768-e9bf-4abc-a7b6-35effaaf9cec,6574a409-1b19-41c5-a262-95e48dfbfbd8,2,9,Tuesday
23d939a9-f4c2-4a9f-9cdd-368772da433c,fe71ea07-19d6-4b44-bef7-92319748d36c,2,2,Sunday
e882589e-8864-47e6-a7e4-cfbd7080dc3f,5fa7aa1e-8f76-45da-a3bf-699542432846,2,5,Tuesday
7e2125c7-cfb7-46b0-b2a1-7f824caa396a,5e0ac202-b339-4316-a228-7cbcec1daa6d,7,9,Thursday
1dc83598-2e0c-4a44-bb4e-bc30d85e8b1c,4a29df9a-74d2-427d-a415-76b693ab178f,5,2,Saturday
a96f212c-4fc3-400c-8771-e5c380e2833e,ba9c7d2c-fcf3-45c4-a05b-474bc3ca0230,1,3,Tuesday
b7cee682-dd6e-49e4-b6a4-a4b9151f8a7a,c8b97dcd-4095-4ddc-a05c-bb53accd41ec,6,9,Saturday
f7de76bd-dd69-450b-bb2b-cc84aec5a86e,7d478f74-8023-47d3-a534-3844db743169,5,9,Friday
425bf1f8-5a2e-4ae3-a0d1-77985410386c,399614f3-eff0-412f-b73a-b8982fe7d500,5,10,Thursday
5c5bcf72-dd2a-4d6d-8d49-f3599dd7b015,7036769f-5e95-4c03-831a-37cb26375011,2,2,Saturday
427ce575-add3-4c34-8f7b-f0c87ec1819f,80c96758-27b6-4ee5-a8a9-cdbd8e6f1be8,3,1,Friday
1b42b308-043b-4d3b-a99c-6cb1681e3411,cf083df3-5558-40b6-a6c4-a2224f3e5be3,4,2,Monday
a654c948-6d3f-4d8d-b77d-4b5177689359,61259c5e-170a-4580-b73f-c65c39df3087,4,4,Wednesday
5423b607-b698-4d3a-b554-c0a600fb00be,04c1cb7e-cca5-4cbb-b157-ce66b4341319,2,8,Wednesday
8c420eb8-3039-4e29-964c-84941a5cbf39,4a2bfc01-a068-42d6-9085-8d500937604f,1,2,Wednesday
a9d9664f-9dbc-453e-b2f0-7940c708e631,a1bb3df7-17c2-48bd-9c18-3b9988990eb1,7,7,Thursday
7272d933-623a-4a45-9f4c-5d3b27e39d9c,35e356c8-785a-4081-b663-70100f627885,3,1,Wednesday
fc092e19-5718-4f28-9f46-4d7ca6804612,d6e401c2-c35f-4600-bfca-4e15809c177e,2,9,Monday
d909fa8b-70c0-4398-ad46-787a109a9076,5846577e-6765-4bfd-9671-cd96cf0ac1cb,6,8,Wednesday
fd2bfccf-b56e-4a0a-ad23-b66f973862bc,de8cfd90-2a4a-4da8-94a0-7cbbdd3fe844,2,5,Sunday
647bd0a6-0022-4f14-ac22-3d2dd0c5eb1a,527dba83-919f-44c9-980e-18a03396dd2e,4,3,Tuesday
191582f7-4116-4144-9884-c9500ec992a3,e7e4584b-7553-4a85-89b1-183e27355680,7,2,Monday
c6713cd7-d5af-4173-b22f-66b7c6257a71,d8966172-bff6-47dd-b06e-ad53affa053b,4,4,Sunday
afae824b-d7ca-4f37-8562-22850184e218,74b6494b-71de-450a-83f2-c7ce7f24a4aa,2,7,Monday
8f25563f-b4ae-48b1-9c25-ef9876a31b7d,4f2865d9-ff57-4dd6-9ba2-a93afa21dc65,5,6,Monday
2ef6f305-2ba9-45a7-bab6-3151a1d36ce4,28c32b66-8058-47de-b893-ad012325e25c,5,1,Tuesday
54fb38de-ae21-441a-968e-3de21f6d441e,32b9add8-9a1a-4491-ba54-3620a0b3f3fc,2,1,Monday
b5d03314-05b6-4569-a1e7-90afbeece0f1,f876cd15-ce13-4a48-a91b-7a439f3dece0,4,6,Tuesday
b6ef643e-a1c1-4353-bb56-b9b512dd52c3,4a39ecc7-6e75-4de9-a399-94f85cf5410a,5,9,Saturday
408655b9-74de-4bdc-9fee-17e4457c46fe,7288bfca-3b55-48f9-8785-38df5813c808,6,3,Tuesday
cc9ea479-de4d-48dc-a752-4cc451c0d36c,b15cc670-79ea-4266-a8c1-2ae82474dae0,5,8,Friday
1da0b798-e2c9-43d2-9e80-47a476abf926,a6fccc49-5394-46ee-9c74-963280003ab7,4,3,Wednesday
aa0239b6-db60-44e6-ada5-ceb08850398f,140a68c8-60dd-45ab-b417-2b0080283403,5,6,Friday
b2b9f738-62c3-4953-9760-9b9e0c466830,f984b713-81c8-429c-95a8-34eee49de1b2,6,3,Wednesday
8fec8c6d-243e-4d38-bc15-94a4b54c3dc3,d606bff9-dcc4-4287-9309-9a632296205b,1,10,Thursday
b82aaff5-ca71-4092-96e1-426b127123f9,995d0253-75a8-4003-9cd1-db195e00469c,1,4,Wednesday
db9ff274-6251-4daf-8b0b-1ab6fd0f1325,60413bb9-bfd4-4a28-a418-fa24a85ab41c,3,3,Friday
4f227c54-3360-406e-ab77-61c5434cd1c2,4d445a5a-5057-4872-9100-5042db26daa4,7,10,Friday
db133605-43df-43f7-8919-88a1ded2f720,bc97071f-6687-412d-8b6d-47e142410615,5,3,Monday
19ecd881-5497-4542-ad11-dd8f7358dd26,b32687cc-d109-4da8-b5c7-57ccf14a5d89,5,2,Thursday
4552505a-a127-400d-98dd-80872c505b30,c959b57d-46e9-40b5-a6c6-8a042af3669a,3,6,Friday
917e8e17-bb56-43fe-9daf-3adf3184ba17,802bb5a3-385d-4629-b611-2e3ed6b7f9fc,1,9,Tuesday
87d4a34d-7586-4dc6-85fa-9ec6ec67347f,6a4e5750-da6d-4e1f-8859-2a2b5257e935,6,5,Wednesday
73512e9c-bbd6-49cc-8ba9-56da2c7d1b25,59c36fc1-b1e9-42ea-b19d-501da0146f8d,7,6,Friday
1670c92a-7f98-4a6f-a247-bf4f361dea44,d68f4d96-b431-4b2b-a308-0ef98ed921e9,7,7,Friday
5285b711-8928-4680-b722-8f85919eb560,024afc60-7f8e-4432-8a0f-c4ce3b373de4,4,10,Wednesday
3d2384aa-2f14-4886-9e6c-312cb97c6151,8333d178-2f29-49d9-bf2f-8013a80491e3,1,4,Saturday
6fc039ea-2a08-4e01-8eca-806865cd4937,3267675e-5b84-4ea0-9a3d-27b19e0b1145,6,10,Wednesday
1654e6ff-0ebd-447d-8499-a93db49c0729,066c1a33-47bf-4261-9bd1-93ce63ac0fe8,3,6,Sunday
255b9bb6-516c-40d8-8653-84b3ac747f18,55cc9723-d866-469b-bc21-ebef11b8256d,1,2,Sunday
9ba2d0eb-6015-42b1-9374-167a60b147c7,57be9e3c-2f6c-419a-92ab-8c71fb6dd62e,6,5,Monday
390684fe-d3d4-4e09-afa4-c9736617c4a3,e4aa97ac-d49a-487a-86a9-b09554b62621,4,2,Sunday
47f90ca9-ae41-4ca4-a565-d11363925905,8a6eaa61-ed5f-460a-b5a6-e6a2b42e1ba4,1,8,Tuesday
0f9d1ad8-5370-4553-91c0-3f86e4351f6a,bbe28464-3664-4618-b1ff-ed647aa46a33,2,4,Saturday
15faf894-433d-4ecc-a921-443aff182c57,fda95b0d-6da6-49d1-82b6-86c3831f4eb3,2,10,Sunday
0a6e3f0a-4e2b-47a4-9fc7-bcf1db0479a3,cbff27ea-1c3f-467b-89ba-dd97f1e3aa48,4,3,Wednesday
da1feccb-e90e-404c-ae7c-5de121e65f66,32ff6ca4-e250-411a-a940-751c295e7553,5,2,Sunday
c5ef0ca0-bb3f-4c69-a959-4880a2dae78c,f8792189-2d1c-491d-86c4-c226edc000f8,7,6,Monday
8c8b3054-a6f4-4721-ae66-c2bebe6df8ce,dde32132-46b6-4a21-9806-5dafd94b0c01,1,3,Saturday
6fc0c81e-5f84-48b7-b1ad-60051e2ad1c0,a23d0fb5-7714-40e7-9c51-4358da02708c,4,8,Thursday
b732a1c9-f683-4645-a42e-527436edf4b9,1b355c18-b5aa-4097-87ce-af6974dc95cc,4,3,Thursday
d36fd607-8730-4056-bc8d-053cc1cd6aaa,d18311c8-b723-4ab8-a422-d2dab7b9d4ec,5,6,Tuesday
7d05a270-b737-45b0-8f23-6ef0b34bc7b5,8d44316f-11aa-456e-b688-a3fd49262958,4,10,Thursday
dffbd0ce-e8ae-44e9-aefe-60b4e2912d06,b53858f8-aa85-492f-a095-04457993a126,4,8,Tuesday
d8ac313f-2070-4047-87b5-677dd07f941b,978398e2-27b5-46d1-a105-93cc836025fb,4,7,Sunday
36ce176e-95a1-4820-8a62-7c4f2d824231,13161fbf-0fd4-42d2-bb19-dd9a38ed3253,3,2,Saturday
da14f5f6-c143-46ed-8388-95641b431ee5,3c4dc0fa-ec04-48bc-829c-3f197d017024,4,6,Tuesday
bce31b53-a0e8-4270-a277-cb38970c0c3f,858ad9a1-84f0-4a06-a96d-8961b7596986,3,1,Saturday
1ddebd6c-7410-4793-811d-ebc66ef12647,cc24dbc1-b090-4348-8222-0aef12cc91b7,2,6,Thursday
9befd471-4567-4c42-aca4-e58b3a5c0da0,e8b430aa-8f6c-48d7-845b-65d153500606,4,7,Saturday
71917d3f-0789-4b90-aeb7-9251264b5b69,77995d80-dc7e-4121-ac01-8fb2bf37eafc,2,9,Tuesday
b603ced0-8785-4ef0-9488-8cd9e3eddf7f,162f7ab5-149a-4c95-9454-e5dcdfc456c1,6,5,Saturday
ac41b0d1-afb8-4596-a3c5-b405ee96e4c3,c6cfaf01-ad7f-4959-b526-faa4071110db,7,10,Wednesday
da540a65-9405-4164-aac9-ca68be981d64,f2634635-bc2b-4363-b81a-3abaa5b0950f,3,2,Thursday
60be6162-405c-4559-8cfc-d9def8974607,15cc4a86-3cfd-4959-ab24-1a8ddd5a38ea,7,6,Wednesday
53c8da7d-eef9-4d46-843f-3c1b542f4fc1,9968c154-853d-4245-bff4-2aa09363ab02,6,2,Monday
4ab87619-1832-49bd-a4a9-fcb82c388283,76970344-6a8e-4512-b58c-9482db16f9f9,3,4,Wednesday
a8b51a1e-6589-4079-8189-a90c4b3635e9,4ec94f05-0d7e-4de6-bbe5-33fb8da95468,1,3,Tuesday
186d0944-b3bd-4a98-8469-18ea40cdb8d1,16f7940e-c02b-45db-9ede-0cb976ae01e3,1,7,Tuesday
27a22d32-ce31-4ebf-ad09-edcd3c64642f,7ae0b3f7-09b4-4ae9-98d6-e7116bc7f0e7,3,8,Monday
e9115f3d-f377-40f2-8fc1-73bb91897e49,486b3fb6-7c8a-4a17-9e82-815a55320e82,7,3,Monday
e91ebb7e-3f0d-4718-91c6-ad398af99624,afec5d0e-739a-47de-8363-871cdf0e0ac7,7,7,Monday
9b1be17e-b07e-43b9-be4e-45c5b43af962,b554dcf1-5876-4cfc-b6ce-5e75ead7353d,6,2,Wednesday
5364f31c-8074-46c8-9ad8-169db2e5e5a3,5c586a32-97ff-44fd-847a-6fb6869397e7,7,5,Thursday
99b447f9-615d-40a7-b39a-051d12afa392,eddb30d1-69ed-4a4b-8a2a-7982ce6f83b0,2,3,Wednesday
01be0a5b-40bb-418d-a731-3e86a4b11c20,873417e0-8eda-4501-89d7-b33a74b21f2e,4,3,Tuesday
5578d4f0-6cdc-4d78-aa89-ddd7eca6228e,b1cdf360-839c-46a4-91e5-1f1a28ac1781,4,1,Saturday
ec8749af-c1ec-4458-9edc-10a1f84f1bfd,4cd2c7c4-c7ab-4325-b0eb-8e2130ecbffe,1,2,Thursday
918dfa9e-0bb5-4717-a98d-3857ca246a7e,a0058e97-5b69-46f1-b971-b0ec3ded22ae,7,5,Wednesday
6fa1b0f1-014c-4a0a-9730-59d32a229243,32c503ca-1324-482e-92f0-c67b54cec68f,7,7,Tuesday
f63e7866-9e32-47cf-bfcd-2104eff617e8,bba9899b-fd7e-4ce3-85bc-ad2c69157713,5,3,Saturday
0aeef724-fdff-4473-8707-a0e6c1a25a39,18e60c89-989f-4432-acd9-f025a10d2f02,5,4,Sunday
85e5e2af-dc2a-4e00-9750-c1e6e22e900a,e83a8882-9457-4a07-8954-3ea8ca736172,6,1,Wednesday
2b0fb409-91d8-48ae-a94f-f629876e1f2e,9abe7bb1-9a07-43cf-a30d-70ccc12466a1,1,5,Saturday
5cb7b29a-e621-4f22-ae69-70e532a49ef1,22f052cb-db9a-4e57-8b0a-6f1ade9cddc2,6,8,Tuesday
362667c9-6578-444e-9da9-8de96085f148,1adf4cab-36bc-4228-aa4f-c704f21d89e5,7,10,Wednesday
ec3ae2a3-6601-4991-a817-55e2fc052af3,6bba0971-ff5f-47ec-b41e-f57e41ad95d3,3,10,Monday
6bc4646d-0cef-4b7b-9cd8-515ccc98e708,ab4a8c75-ae00-49a7-b574-dcd558f45d86,7,5,Wednesday
1e77d32c-4e17-4e80-81b7-ea0449c03bc8,8197794f-30ba-4993-b852-8fe9ce3af649,3,7,Thursday
1111474b-5de4-4498-bbf7-9b5d3dfe12d6,2f2ca6e9-5b86-49e1-af87-4b2ee7d75023,3,1,Friday
b5e4bebc-49a9-485e-ac13-444ddddd3c10,d75492cf-a427-4f35-a2b6-ddbe9584cb23,2,7,Friday
a3403c58-ff10-4ba8-a7d7-6cbdf487040c,4a761e10-3414-4aea-b3a9-8a828b2ca11b,5,5,Monday
5f2054eb-0a6e-468e-b716-cebbda6cb960,03fff516-2042-430b-bce5-58fdbf9a20f6,5,1,Wednesday
4c2ce338-9af9-48d3-8824-f8c2002da828,2911710a-a7ae-41f9-8481-44fae5c271e8,7,7,Monday
cfd5aad9-f75b-439c-8700-e8a5696ad555,b7ec5b3e-6cd9-4000-a5d7-2d506203d716,1,2,Thursday
98d3b870-3911-46df-a8b9-3d5833a36c98,b77ff869-bfa8-44b6-aa9b-e9b5a126aa81,4,5,Wednesday
2c0e0560-27f5-4e9e-9668-534646b31675,6e52073b-5494-4b1f-b559-fb923f649304,1,7,Tuesday
67063833-c445-49a7-8450-0c400eb967e1,ff7688b9-6633-4fbf-bf35-d2475eafa866,5,3,Friday
b81fef5e-063e-409f-82b7-25604ada50ce,aacc767b-32c9-4302-8cd1-0e303e0b019f,4,4,Tuesday
21f31098-23d7-422b-826e-675337e7b4b5,064692bd-8f35-49b9-834e-6a6fe3d5de78,3,9,Thursday
723649cd-4185-4c8c-a807-81fe2d199656,e88dcefe-bac8-4a2e-9b70-005192a8495b,1,8,Tuesday
7822021d-3898-40b6-971d-e5b0f321cc5a,be891f5a-ee1c-4afc-97cc-a0f3608730e2,7,6,Tuesday
8d6e3d2b-0b1e-43fb-8c38-4c792a97bfa1,2f485c18-2c08-4a61-89ba-bfc3af723115,1,3,Saturday
af303350-8268-45a5-8b52-664a8d97940d,bed090b0-80d4-4e65-a877-429e89258288,2,1,Sunday
af3e4002-1423-4aad-81e6-782eb403ac05,8e52696e-f084-4b70-bf77-93e40dc8e954,7,8,Saturday
3252acf5-3056-44e6-a33a-57950b05fb17,5052f855-e7a7-4dae-8b9f-8dcefb8f2181,5,10,Friday
ca5a184c-8dd2-4bef-9ee4-ad2e428094da,91b07eb7-481a-4f01-8e63-bcbfa05260f0,2,10,Saturday
436f4e5a-dc24-4e5c-b630-8abf4737474a,03bbe2e9-604a-42b7-b37a-92f5f69e5ba3,3,7,Friday
97ce3e7a-2fa4-43bd-a887-39bd26237af2,4c4dc5d4-8c13-4e8b-8f82-cbdef1d8b229,5,6,Sunday
63b0bcf8-8317-4622-963f-ada7078ecca1,b3ac3bf1-93c6-4a51-875f-7c872ace335c,1,4,Sunday
208a3026-5095-487c-9f08-f7c1e37c0a3e,4fb64e52-2165-45f0-801c-db555236342f,6,6,Tuesday
46f1d2c6-b9c8-4b0a-85ed-3d118b2c65e9,f49e4ba4-d5c1-4b81-8dab-0f9b38452413,7,7,Monday
cfc79cdd-6cb4-4a42-93a8-2ae849bb3a6e,9fda540f-ff58-4c2c-94fd-e1c22241f103,4,2,Monday
b7ee5cd1-9c63-44b2-81eb-c30f3b7c9d1c,93751e8c-5277-4279-8763-1315e4fd9b06,1,1,Sunday
db95fdcc-cef5-4d85-9c1e-a4fc02340c47,1a18c162-c296-4ed5-938a-64f9496997f4,6,1,Sunday
09fbc18e-e8c1-4dec-b018-aa0caf5b889a,4078d259-e374-4142-8e16-7997b2410a6a,4,2,Friday
b700b462-496c-45ab-9849-d33ded6aeaff,f130a7c9-ce49-4670-b280-edf4744e7da7,2,7,Monday
1ac303cc-b539-41e5-8acd-9e85eb4133c6,0f599c44-796a-4f64-9019-35516ebda762,6,6,Friday
6226848c-e407-481c-9ef3-72c38cdd5aa4,a150e53c-eb75-47e7-8855-e392defc2f36,2,3,Thursday
7691e3db-522d-4871-a68a-13c9566c1bae,ed5b04d4-5cce-4596-aff4-2f86b727915a,7,3,Thursday
95bf5ca4-fd41-493c-89e4-d93a3c0402c3,51a3e5fa-40fb-4fd4-944a-78a9d7b149aa,5,5,Friday
be9e39fc-f38a-4c7d-b8bc-a3f72cf47120,753e0267-b9ab-4424-9fb5-b3daa721bbf3,3,7,Tuesday
19109e89-a14e-45b4-a60a-891b83564e48,4ac01de8-2a9d-461f-973f-a49a2dda6327,2,8,Sunday
85650182-4049-42ca-8f8f-1c37af736051,11bf433e-0e04-482a-a053-d1c96a12f1ef,5,6,Sunday
83100894-5996-41ac-a4ac-664f6521eaa6,c0513001-a6cb-435c-a18e-3956e7f45648,5,3,Wednesday
1294a32a-daa8-48b7-8420-77cd88ad643a,b3abab17-aebb-4fcd-833f-4804f596ca45,1,1,Friday
34d27693-1419-44bf-adfd-bbd7b9a98b7b,d06d3a07-ec44-454c-b497-fb3308ba21f4,1,3,Wednesday
75f83b16-eec2-4ce0-90af-310244e59064,9c0fc8cd-0756-4f4e-8b1f-49f9c31d8b7c,5,7,Sunday
32a12ef9-9026-4eb5-a39b-d6b11cad9754,7d454031-d1c9-43a9-9045-c9142296aa98,3,3,Wednesday
823feeb8-00dd-4793-8534-addc6c070675,16de4b2f-df6f-4c46-a67f-cec99ef7e037,3,2,Friday
c72d700c-8edd-441b-9a5f-266b0b78e50a,ce060659-5a8c-4fd7-ac5e-34fd6c536f0b,4,10,Thursday
e6167fd9-8f73-45a1-ad55-e3ebfa0c93aa,1116d476-b127-49a8-98f7-ad1d7ed6afce,3,6,Wednesday
8f290fa6-d565-4091-a1be-9bbf2bec46ff,29120907-83e1-4dc6-8666-56c97f87b66f,2,2,Tuesday
49b8ecbb-f523-4118-a322-9989cedc3900,27ca3d83-45e7-4bbb-a452-847774e2b2a6,6,5,Friday
44de566b-a242-4711-8e9a-8117f043713f,61fddced-51c9-4e5c-ac36-27b351006e4c,4,6,Thursday
19b75ab3-27f4-4d69-9b85-05a81f5ffcdb,23ac42b8-33ff-4ca8-ace2-c023a1925427,7,1,Saturday
3b5590a9-d535-4eb4-b440-c077e5a87e86,a06b82fe-11a4-46b2-9d2d-acda74bee4aa,5,8,Tuesday
fac2e545-2ab5-4c69-b7f7-65315c423d26,63a3d68d-49fb-447e-9a7b-1f803ca7c858,7,3,Saturday
04f3dd0f-1f2b-4446-a0a2-9864649c0af8,1f5d1700-081e-4ca0-ae7c-f2f521727cc5,5,5,Friday
38df530d-bc97-42cd-af3e-a2cd04116aed,db6c7bb8-9856-4411-80eb-27b3ae1264e8,5,2,Sunday
6fe726df-c7a1-4715-8e37-a0c8eb440185,ac179441-e290-426a-b3c9-b0ada8862b0d,7,4,Wednesday
63f585eb-ca9e-422d-b525-430343175742,849127aa-6689-482a-9975-23c451544e5e,6,10,Wednesday
2d64ba32-f8b4-44f8-a055-a7b2e780db14,439f7510-0a57-47b3-88ed-42414dc1c241,3,9,Tuesday
efb70e85-eb10-49cb-8cb7-f2bc06a0e9c5,6b564069-a5ad-4567-8b1a-6d791379d994,6,3,Wednesday
dda80bce-eb9a-4f9e-b423-284cc6ed8ad0,9ffeb418-0396-4d59-85b5-ac18c966edf1,6,2,Monday
39cf2670-520f-491a-86a5-b7f818015b3b,a35cc485-c732-491c-ae8b-dedb68aa4b59,6,1,Sunday
aac5bbda-e47f-4f1b-b6d7-d2fd36794bf6,f6676c08-b7bb-49f1-a226-13abd8ee7cd8,5,8,Wednesday
e13591e6-d35d-4a7d-bca6-e2436949a9c3,a2f5244e-d6a9-4968-a93f-423eafafaa5a,5,4,Wednesday
81247fdb-647b-4400-add8-d56cc383c2c3,a5fc4214-ed84-4b02-b219-689569101c83,1,6,Wednesday
af6768f6-626b-475e-b797-8357311e062c,f5f41092-a9b5-47b9-b534-51de1ff07914,5,4,Tuesday
af65219c-01b8-41a8-a286-e7efe4d44706,d04f58d1-e6c7-464a-8c17-46bc58538f7f,5,6,Thursday
da93fc0a-1f2a-43d4-a33f-127b65dd1fdd,5fe2c997-4834-46bc-8ce0-04b2caf20663,2,7,Sunday
c50377ff-170d-4736-8e51-8990015afae1,6a009236-b742-4edb-ac5d-aaab06eae928,6,4,Saturday
7c2ce0b9-3c33-444a-8b4d-88d8fa0480fa,2dd3db2a-1cf5-443f-a274-9f934ef69804,2,1,Saturday
87062540-1d45-4add-805f-2bdc708c2ae8,d009ee0c-bdfa-45d1-889e-9db5da909772,7,7,Friday
6263924a-9981-420b-af58-9e15e773ecd4,02c612fd-4268-45c1-8cfe-5066b2612788,5,1,Sunday
6b464003-728d-4632-b309-e0f511b91ae4,a937069d-7c9f-4bed-8ce6-338cc03a2a44,4,9,Wednesday
cbd785e6-9a03-4d2c-983f-b1b82d336b11,c331e1bd-613b-4570-a8ab-a265936839ca,1,7,Friday
e85a2f52-8782-4d92-a940-3a68fcc25580,c64595cd-237e-4a6a-ab6f-808c666792b6,6,10,Sunday
557d4229-3011-477a-b3d0-adcf8ccc5e7d,32b6f5e7-e0c6-42d5-9ee4-51634dda8d93,3,6,Wednesday
bfdb99ca-3d34-4c4c-aa9a-0a035105599c,2ee91a4f-5b26-4c2f-82af-cad9ff2d7f9a,3,2,Monday
fecac01f-c343-4408-bd6e-10dfafb30445,dcea17f8-c56e-49e2-aa0f-9ee53dcf1a33,1,5,Monday
7caec008-c22d-4eb4-9e83-def623299fac,44a3dfda-12c0-450c-8c08-3b242e504b0b,2,4,Tuesday
41d618da-2d95-48bb-bc05-b36d64f4a7bc,8533414c-a779-461f-9906-8ed07dc1a698,3,1,Friday
53eb18b9-1b6e-4b37-a4d9-bafe4c5be570,98e72db4-c8a0-4ab4-9406-4c409d39f110,5,6,Sunday
3011935a-cbca-49f9-90b7-3b915be5b236,af9ba162-af2e-4bfa-8f4b-e2979779ac86,4,6,Saturday
12249aa0-1d94-4ee4-9d36-4e6df22043bb,913283c0-3b9e-47a6-aac4-1f3d6e1da8a1,1,9,Monday
41108e9a-07c3-4264-a531-d89c636cc320,c2d4c8e1-0f91-47b4-ae84-8426e6423068,6,1,Sunday
a3c298c5-e30c-4895-9dbb-5c1a35fa5c43,ecc36f15-8930-474f-96e4-578335a5da6b,6,4,Friday
1e800249-a48a-4ade-9aea-5bf7cc238ced,bf8a6d0b-a455-47ea-a99b-4d67fd687ea9,6,10,Friday
40799a9c-a986-4979-906f-c4b57378daea,d84f6c00-1461-44f4-988e-b58c855deaa0,3,8,Saturday
61439ef7-29ff-4443-af22-1b1610f2cd39,fa00cc93-77d2-4a3f-98bb-7c2507bdc0e8,7,8,Sunday
d96ed0db-fca3-4761-888f-26b651cd9619,ccecbfc1-5d2f-4715-80d3-663cc00199a5,4,3,Tuesday
91ad4e0e-70ea-42a8-920e-5071d0fac5b3,6d7de363-fdf6-4fc6-8fe2-eefdf1169b45,6,5,Wednesday
e7c4f6bb-f307-4c3f-a614-a536f2595e59,d2d6f7bd-aa08-4147-ac97-293b3f369d47,6,1,Sunday
e32ec539-9a5e-4917-b827-01e8a5d979c6,aa83c54f-4810-41ec-8ea4-e8d06888e13e,1,9,Tuesday
b647265c-fa3b-4ede-b8ef-61ef2d28a2e0,9bfdb34f-41fd-4eaf-9ee0-bab1be8d5a19,4,9,Tuesday
4cb2203c-33e4-4403-ad17-6099dab5fcec,778663b9-f211-432f-9c90-64f9a54c0b4c,6,7,Thursday
d568d35e-0d5a-4116-b1e0-9531ea7a39ea,674ecb85-6820-4635-9603-47fd38cf1caf,3,4,Wednesday
b6e14a7d-630b-4844-8078-40819cd1e10e,0d08938e-0fb9-42f4-9715-e7cd1a5b3c1d,1,7,Wednesday
9e083e9e-d45b-42cf-ab34-82879b1069c9,56600598-600d-4f82-a670-fae46ad5f3cc,4,8,Friday
cc762ff6-a4c8-4c5d-8f68-d1dde33765c9,9dfc1b35-4270-4a5d-944e-7f304b65e2b4,3,6,Wednesday
3d23ae91-ba87-4fa7-9ef4-77fd18bd3c99,ea6cd3a9-6728-4a6f-abba-8745253a0235,2,2,Thursday
fd01fb57-39ec-4712-b869-7931b9d05750,37486903-808c-41bb-a910-13676a0d6965,5,10,Wednesday
9f0dab44-00d1-467c-821a-f31f33ff202c,95218828-1dd8-413d-97bb-4dfb487277d4,6,5,Wednesday
04a1e807-198e-4286-973b-13c8904319e2,5217c517-2c6b-41af-9f8c-6b064cc01ccb,1,7,Sunday
54d7b45a-3fd0-458d-b46a-22d5e44672d8,c1388798-3068-40c6-92a0-771528609540,4,7,Monday
36f47ea7-1830-42ef-8c0b-c7b26c3ff829,46dc6354-c57b-4497-81fc-5a054b0857f8,1,1,Tuesday
d7012810-21e8-437a-a459-cef81ba920c1,6552d7ab-89e7-499f-bd9a-22e2af8cc38b,3,5,Thursday
f2829536-9f16-47c4-a402-5314747638d5,f8e0c7c7-6072-4667-95bc-9b1c907308ca,6,5,Tuesday
63e2a9dd-6950-4a13-b9cf-c0a7fcdc3819,5d256c94-03cf-4188-9c34-46b8683906e6,2,6,Friday
20b29527-6e17-4448-8f31-2be1ee2d2c15,19c88841-95c3-41c1-b8fe-e375026b1c34,1,2,Thursday
e4c012b7-f8f4-4f92-b181-d4dcab49ca49,3f2f223b-726e-4ce5-8860-5ecae349a3a2,1,6,Sunday
37d8e60e-696e-44e3-9679-3ce6b0f9fc34,bf08302c-1e55-46fa-a185-b8c771f4c611,7,2,Tuesday
35af15f6-ad0f-4cca-a020-f4ec13c584f0,615247bd-3307-4e68-ba94-d482324f24d5,7,6,Friday
26ac403e-9cc6-4a72-8242-b4d433722fc3,506c9af9-7d01-4ecb-aa11-102b017c2602,2,10,Tuesday
56235c86-1579-46ec-82b2-3d1ed97a4a86,9d687d48-e3fe-449a-86d4-b41967f09053,7,4,Friday
5c6e282c-9834-46fd-8ffb-f034c33e3b0e,0a23740e-1e4b-42b2-b31c-21211d187cef,5,4,Friday
285c9759-41c1-4344-8314-fb9ca0e5bad6,991934ce-550b-4636-ac69-76ab1c39b6c7,2,8,Monday
cb089727-4bf5-42c9-86d2-df2fb95514c0,348e158d-ec5c-4836-ac83-6040b064ec50,5,6,Saturday
2fa21afb-691f-4c13-9ee4-1b77f7e69298,1e1b91eb-18bc-4631-8370-2b2d6ec69019,7,2,Saturday
ec3f287b-3231-4aa0-8366-36364962aa9c,b3fa6a9f-8da2-4f70-a31c-e78e837b6bed,6,4,Thursday
c1e25d0d-73e4-4d95-a97b-a30041594df1,e7234d3e-a326-41b6-8063-6a8dca5111f1,7,10,Monday
9d5a0a2d-ebdc-41b1-968e-ce3d72167726,f037c312-0f6c-49cc-a85a-0ba19f737bc2,1,6,Sunday
116e8ddd-cbb5-4f7d-a9bf-c3c233e12988,856c99f8-d151-4b22-a3cd-39ef24706117,5,10,Thursday
821296ee-cb85-4d04-9369-4ea6f4ca91d6,7e30e948-c36e-4e1a-9809-a122d18752bc,7,9,Sunday
9f04e0de-f145-483c-9016-f23ad847c8dc,fadb80a0-5535-4d12-adf9-07a1e47872c0,2,1,Sunday
67044651-565f-4bbc-89cb-6ab0799f71e6,bae5cf30-642e-43cf-8f9b-46078905b970,2,9,Tuesday
baf5e312-4e27-4bff-9f3e-12af2eaf2eca,769e026a-837c-45b7-b1f3-cdbd41daf528,4,8,Friday
330db6f3-bad5-42db-bfa0-62fc4c733914,afa74700-d80a-4324-a2c8-a840f9724c50,5,5,Thursday
99c34053-7577-4465-80c2-bed2f524f543,748e2e01-ff0f-4372-9024-e49f9eed5099,7,6,Thursday
87da80ed-57c6-495e-8b08-54a3d0990546,8017fd5d-36c1-42c9-9c6e-088d6d48e0f0,3,1,Sunday
29087d36-0c9a-41c4-960a-7abe2c5a60df,b881f8a8-6e3f-4bf9-82ad-fe6ed2fb98e5,2,9,Wednesday
3c25ad69-24e7-411e-a6ab-3e9ea33c9923,e9d6d6be-f0db-402f-a2ba-27d486c2aefa,7,1,Tuesday
92b12247-a459-4281-8dfb-9d10623cf7f1,9c10e874-df16-4f2a-a216-1aaf62e79dbe,3,10,Monday
7c8a0298-fd65-43d8-b268-bfec355042bd,eb79599c-8a16-4df4-9d16-ff4eb876a4a7,5,6,Thursday
9ff2f8e3-a466-4f4b-842c-7e85171c2502,ac23788b-07b8-4c2b-980f-2b27483b7493,2,4,Monday
5a9cda74-d666-460d-9cc0-07f94607e450,204bfdee-96c9-432f-aa0b-dc09661e6161,4,2,Friday
16826e6e-c3e8-42f7-a82e-a0a6be0c3e34,799ed9ff-198c-49cc-b3c4-b45ff5843d27,2,6,Saturday
3af2d1e5-e92d-4259-adb1-0b68b8ab2b91,1d6dacc8-6f98-4fd6-9f0c-eec475cb593d,6,2,Monday
aba6416a-040a-444b-957d-90efe869c346,a86fedba-8f74-45e4-9a01-49c8833062ba,2,6,Thursday
416d645b-a85c-40d3-ab0e-9853b2dea1bc,82c8a166-e85d-4bf9-9431-fa05e82b2a34,2,7,Friday
bc3a0aaf-9f38-470b-82e2-2d6216386132,5aab2fc0-9a2c-4759-83d5-77ea5cdd01f8,6,7,Saturday
fdcfdd30-b7b5-4254-8f06-0a0dad06021f,9a84a67b-6035-439d-923e-8e28c9ff2401,4,6,Saturday
c39f19c1-8ae6-4b41-b7e7-05dfd6a4c9c8,896f52d4-c18c-4640-9849-f1d4e223398f,7,2,Saturday
92a51e99-dd78-44cf-bf72-4dd3ee66aa6a,55e498a5-cd25-4d1d-9402-f6d1d74c3edb,3,8,Thursday
795026ad-6193-4638-a845-93731e42e238,56f80466-9cf8-46e1-aa39-d3259a2e48cd,2,4,Sunday
d55e8f64-28dd-4920-8de1-2584e526fd43,9dcc1225-3073-4a35-b73f-d0f27764834a,6,1,Monday
efc11997-71d5-4047-adac-f64db8d21e41,6bf91cf7-3dd9-40aa-bb24-340dcc872076,4,4,Tuesday
8986b979-ff52-4ebf-8f03-70ea12b320ec,3b743d1e-bc96-4da7-bc06-6fb2999c9414,3,2,Monday
cb088b8b-ccc5-49d7-acf5-f89e03bae968,7413d5a7-a9b0-4cfc-aa94-12ea2be4334e,2,10,Saturday
5df6d797-1f0b-45db-bfa2-170738c471a7,d0bb8d77-a1e3-4316-ab49-452e3f440cd2,6,4,Wednesday
f5f67fa0-7cd3-4b91-a851-7f730dd15726,709ca179-79c5-4a06-8c4a-c2ee9483a27d,5,9,Tuesday
4b4f3c60-3072-4a5f-99a5-a4e83653f902,9a6172a4-6d58-421c-8b62-eb052d8de084,1,3,Wednesday
5b3e9c57-f3fc-4898-bcd5-dcfbf4dcc2f1,82103b2d-a2b0-4f70-9ed7-0d358016c481,2,8,Friday
0b2a22f3-0c8e-44eb-a85d-c4728c37a98b,4ce1cc18-4247-443b-a7bd-acdde272f801,4,1,Sunday
284f4476-214e-4522-9e5d-c2b9d5f1ef58,5b87c8e2-a8da-41d3-9ac7-baf290aad2d8,4,3,Wednesday
363dd1c2-5f35-4497-8d3f-101035d9f926,12669d3a-f7c8-4b09-9a83-deda26d1cc25,1,3,Saturday
5fa52f65-31c9-44f2-92a0-c08b582b57dd,b7cceec7-3bfa-40f2-9b53-1264866e7bdd,7,5,Thursday
2cae2f23-f97e-4063-88ca-9411edad9196,dd1a7630-07da-4217-afcd-9722d7981240,5,6,Monday
3497ad02-6e97-40a9-a31b-6f33f5855f7c,82c6fc27-490e-44b3-8f8e-4c67d09b6386,1,8,Thursday
afa2352a-2e1b-4768-8743-95108f1bc897,62410ca0-73d7-4d89-a077-a1c8ceb5ddcd,4,1,Tuesday
91730c02-aab8-435e-843d-aceb3f5422a9,74a6a30a-afc1-44ba-aaeb-fc6a7f13b430,7,9,Sunday
da76782e-0285-4ec9-ad05-9d188fc9dac1,4d9080f4-d76f-4ba8-bc0b-da688983a350,4,8,Wednesday
22f46802-54c4-457a-9d88-ac4353723d18,553e4a02-9eb7-441a-ace5-46a18c62fd4b,3,8,Sunday
5c541be7-d05f-4cc9-80bd-bfd6583a5330,4da76ef2-b64c-439f-9172-a43680399cd7,2,2,Friday
ab04d839-bde6-4b04-964a-38c04a898f52,8b765cb9-1249-4c49-a6bc-c184d3f5c93b,6,4,Saturday
ec5d37b4-357a-463f-8dc1-68019e23e6b1,fb1f4bfe-3fbc-4c1b-97a0-a177185b7578,4,9,Saturday
e32d2481-47f5-40ee-ac8d-6ba4064f2d81,16a0aefe-2870-4642-b470-2cb1f6a9379d,4,1,Monday
d838350a-212d-425c-992c-f4db885e4247,65334ad4-8096-4b24-92ff-8bdbb3ac3632,5,3,Thursday
5a803a99-2119-4628-8a21-b395aed22f3e,b3197f3c-6486-4643-95f1-11d0c89d883f,2,4,Friday
ab8fde50-e66d-4f24-9b5e-2c9a90313ed3,12b6ac69-4ad9-4f43-91c3-33488532c0eb,2,1,Monday
f3f81688-7871-4878-b664-e3abd65b9fbc,7c1a52f2-96f9-4d74-9d52-eaa8fec892d2,7,6,Tuesday
1750e660-eac3-4a8e-918b-db421195727d,3cc9a106-9775-4191-8085-9e9caa09d31d,3,5,Wednesday
0cb51c64-0652-4f06-a69f-bddf54013d6c,17f74e85-7443-48e8-b33b-bd1792dd26d5,7,2,Saturday
b26849ce-cf89-4e97-a362-864a128b941f,a471e65c-a9d4-4ec6-90ad-d342a63f1dec,1,7,Friday
b8ad88ca-0983-4d25-9a93-1cef9d81a48d,54153ae1-d309-48ca-9a14-e8f620bbd68b,7,8,Thursday
33882fa4-d62c-4fd2-ae6d-f6877c903b58,db6df907-ad23-4b59-af10-d69d73e91bc5,7,3,Tuesday
2732d7df-b206-4ccd-9d3b-1cfcbe357319,17f4386c-ee5f-448c-8ee6-874d9fa0e646,5,7,Thursday
b23933a6-c245-44aa-838d-46d0373fa35e,fa590812-e87d-4f1a-8b8c-effb0e665ce9,1,10,Saturday
162ca990-d3e1-486c-b6c9-152f4e2d2cb7,c1c6e46c-29d9-40d8-9cb8-6816d070e10e,1,4,Saturday
9ce6d560-5eff-4649-9d58-2a7f60e4a2f9,9668ae77-ed6a-4f5f-968f-8949985f629d,6,2,Sunday
f82d6a45-1956-449b-97b2-3a8438540ce2,87918200-0d5a-4b4b-ad31-ded730b250d9,1,7,Sunday
195a8cea-6e01-439f-a550-6cd39ded3b54,73ae7291-abd9-4253-a0b5-50c5607a24d5,7,5,Tuesday
690ddc4a-4d41-4144-b91d-240ff1aa652f,f3a50bd9-4d0c-475c-a9bb-c8b64a4f648b,1,7,Friday
007afe6f-0100-4ae5-9e6d-ad5e491c267a,1071383a-b3a1-44aa-92e5-ca880ccbdf49,1,1,Monday
c1ea9361-905c-466c-9789-93e01adbf62a,acf89e42-b089-4de3-be9a-542c92d9d45c,3,6,Saturday
c551417d-a958-4401-a028-6ac773761c8a,be180be7-94af-47fc-9bea-fd7b9f94f93e,7,9,Wednesday
6633be2d-9b9a-496b-a742-9141f309b86b,8249b308-9dc1-46b4-9336-7529a8368dfd,3,7,Monday
ff5cb8de-e6b8-4b86-a75b-9a619252ef52,83de0677-a6a3-4894-8ae3-8ab64638fd98,4,2,Thursday
78afa4ba-a2c5-4705-82a3-03939e681d93,4cd72f76-f69f-4d1e-9ecc-8cd12a5f0a5a,7,6,Wednesday
cbe389ca-68c8-4121-b72c-90b27897ebce,fd67b763-46e1-48c5-8392-90966e11d3ff,1,4,Saturday
51fbf5b0-d258-4d7d-b6e7-aec03b2d26ea,be988170-1fa3-4478-b4eb-c0c111097e67,5,1,Thursday
7e1f125f-5181-4188-942f-6885fb2d9ade,c8f7ad6c-6e95-4c69-bca6-f76310159dc3,3,9,Wednesday
fdbad1ca-693c-49de-b647-7682307cdba9,2ca74ca5-6a4d-4e37-9a0c-92f7118817f1,5,1,Monday
5ad3656e-bba5-47d8-b380-fc1035b99236,5785e5e9-5515-41d4-9b60-d679c77d5137,2,10,Tuesday
898b1639-6b48-4ce7-a62b-0ee7b1b6e441,fcbd8a53-72f1-4297-9d1d-8b112dfb9c70,6,8,Tuesday
e8ca8537-c4a2-400f-be3a-4748783d9953,2236bafb-a6b5-4c1c-9228-893eedf94e25,5,1,Tuesday
f132bc76-2971-4633-9010-21f3698fccff,555228bf-3598-4b4d-9a61-011b9c020eb7,5,6,Tuesday
c0404c70-067b-45db-b828-23a33b9ac9d6,7c870f8f-b958-43a2-b0ff-8e8d9df06b57,6,3,Sunday
f969903a-c5d6-4657-a5f6-cd6097dc87c0,854ccd30-3c25-4b49-8357-e2e8d20b8918,7,10,Saturday
e011ca76-3694-4684-bb95-e55311c63e75,5e54d70d-28ce-47ac-945f-5bc0ec98625b,4,1,Saturday
820d70c5-f537-436e-b260-db95ef9ca9bc,77ff2ceb-08b3-4a00-b7cb-af1e0861fa66,5,2,Saturday
d992d2d8-6c3b-4d8a-9cc1-c38d921d9278,3cd96762-287d-4f5e-a379-d15ec9c82f8e,6,9,Friday
9ac91034-f085-4633-a161-631183c3ece7,347b5807-9d9c-440e-aa84-5a7bb71f3def,3,4,Monday
e7021b6a-f839-46b2-9e82-394029af780c,55558c45-958f-41d4-8b0d-6f2b1daa7128,4,4,Saturday
178ed2b1-c161-4a63-9405-eebcaa91ecf0,a8994e9e-eddc-4a81-bc86-cab9a692606c,4,5,Monday
af21735c-e296-47c2-8ed1-072cd587fa54,e139e92e-67c4-4b84-926b-9d77a8e8eb22,1,5,Tuesday
28d056fd-24f6-43a8-9f89-cf1f4c76eb53,8b653619-15a6-4e89-a277-4f3b600d0afb,3,6,Friday
522efa03-28aa-4794-bf73-cc1865efa1b5,beef3243-6ed1-4f2a-b7d7-65559884b59a,4,3,Thursday
52c857f2-7f22-429c-9ac9-4f71046cfe82,deaf2c2e-1029-494f-82e9-d16fe858f89c,6,4,Friday
6d551e6c-9e02-46f7-a133-2361c990fd07,7c495aa5-3007-4904-84c3-b6bdc7b454fd,1,4,Thursday
e217fa3a-c9a7-406e-b7b5-5ed009812e3f,a028215d-1626-4021-a49c-3225cd89bb5e,1,10,Friday
bdf28703-eeb1-4573-9f92-2dbeae928ea5,2092d770-c560-4dba-804f-d48d7229a682,4,8,Sunday
c28e4989-c93d-4992-9386-ca34f4cf4f4a,cd6808f1-6f60-4c2f-b2f1-6e0d398ef39d,1,3,Tuesday
e800d857-6214-4214-9c10-31705142313b,2da7e492-817e-462d-9d53-80c68b420525,3,4,Monday
b1f7ac63-239e-4bfc-8d83-db62befff437,cdc63151-77d4-4ab2-9d87-17bd6d211574,5,6,Thursday
024972f0-f102-476c-af97-d565b04c010a,83542534-f25c-42eb-bff5-181f295cbb95,4,4,Monday
6a2f7a81-cd68-4ded-b0f9-adb3d32a0619,3150afb4-9143-4d3d-ba95-539ca519c4a0,3,2,Friday
a15aa159-4220-4a62-9ec6-d34fe3f22990,3f367431-982a-4d3e-ab67-699711d3df6e,7,9,Tuesday
e934d1d4-ab99-4307-8afc-6a6b359d709c,89c25086-15fe-4660-9ad9-b8d8ee0359a5,4,2,Wednesday
b4890661-1e56-46a2-a2c2-2f3ee579a85e,88d5fe11-e4cd-40c3-9a6e-d268b9d0fe45,7,3,Friday
eebeee9e-f14e-40d4-895e-25c25a6c2ec6,ddbe141b-3627-4e08-b93c-6a2982b1df88,1,9,Monday
5d9dd2c6-1e4b-4c36-b1bd-3a8e6374e6f3,44dafbce-b892-412a-b48a-eaca236568c0,1,10,Wednesday
d3122523-0ca9-44c0-a1b8-08003f533728,1fb7b097-1716-48f4-8b1c-06f2f0ff86a7,2,8,Sunday
caed947b-125f-408a-bfd4-7d4dab98b1b8,08cc1db3-9dcc-4310-877d-ba9a8560504c,3,10,Monday
184ca94c-6d06-496e-b727-7bf44f0b223c,41b9fdf7-5928-4b49-8434-3a4f04f9711c,4,9,Friday
c94b5816-f10a-4cac-a561-28b94f093285,55570c61-7346-454d-9037-652f3500f305,4,9,Monday
ec27f2de-4cfb-4912-a0de-5ab2055def18,790b8344-4769-42af-8078-3d50313abc5c,4,7,Wednesday
f9bb43d3-65a8-4045-af2c-64c5f82fd8b5,9d6cccf1-14f2-4eec-8fc4-781753245c6d,2,10,Wednesday
3e975804-c573-40e8-addd-f1c69c4e2516,87701a85-afab-4d4d-878e-6db803d736ee,2,8,Thursday
8a251df1-c8c5-49d8-b15d-157941ec436b,5b6a0fd8-a064-4c5b-bdb7-0a2bc4bacd04,5,1,Wednesday
620acb48-65b2-4098-9a7e-97abcb896fab,13870757-a1b8-4e35-a228-9e36bed8cd89,6,9,Tuesday
61c8f01f-24ba-4086-a829-21996741a580,f0332c16-8abc-4e3f-ac68-646ac6a88267,5,4,Thursday
dd0004f3-01b3-4dc1-aa9c-8f0e1756099c,a7dc38d8-94b6-4306-bcba-ac8f90705c84,2,7,Saturday
8e15abf3-da46-4bf0-a6ce-1c8931a71b86,e01c324b-8ccf-4def-948b-1e78e3e4dc42,4,9,Sunday
5dc12291-0eee-4fc4-8d78-bbec68696d3b,b8e2516f-a641-4760-8d8d-6aa95234c851,4,2,Tuesday
9f110f37-17d2-4f79-b7f4-2f05be52bc82,1505a5b0-6eda-49a3-94d9-78819096b517,7,6,Sunday
842c7cfc-9453-401c-aea6-588033714597,ac0f95c0-92a3-4b89-8e61-342084eafbb9,2,9,Sunday
c7a61a3c-db2d-4f12-8d76-78b5fa040396,75594f82-5f8e-4e7d-8bf5-42dd161cf8a7,7,7,Thursday
a286670a-55ea-4c6e-aa8a-c0023824ca6a,d778a47f-99cb-43b8-9012-5d39e6d01791,6,1,Sunday
0b4a65b6-e3fd-4190-aec9-d1aa68f1faaa,40eec26e-9e53-41f8-9c49-5effb2a888ee,4,3,Saturday
d233f52d-4c5a-4a33-9b47-55bd14f31620,edf63ae2-c4ec-40a7-9213-aa4002ee72fd,6,6,Sunday
0c0e468a-b935-47b9-b500-8bf1d382fb43,9ca3b0b7-909c-4860-be83-e16b374b4b0a,7,5,Thursday
da0ce1d1-0e05-46f2-8dab-4896e1f56f43,7ac0811f-348c-45ea-8a80-974d2c0f15fd,2,5,Sunday
d7444544-5653-4881-8ed5-dd8f962b2fb4,5b2fcdcd-47d9-4a85-b6a9-e90524ec17c5,1,6,Monday
4925f8cb-62a5-4f28-8cef-a49fd9ad540b,42771ecb-8409-4a09-96a7-63f5119c9c59,2,8,Wednesday
b286d5b6-3058-495d-b1ad-89c11458f68b,f3dfff8f-d111-473e-a7e5-faf15b208e6f,6,6,Monday
d056f0fb-b8d4-4647-803b-777926c633c2,e4349899-0dc1-4548-9b3d-355748fb10ba,7,9,Thursday
2be7db02-892e-4ff7-956c-8a30409370ed,2907880e-c99b-4c7a-bf47-502b80ebcf3b,2,10,Saturday
36b45e43-248f-43de-9650-d8ca25fcdb21,39b40da1-39e6-42da-b3b1-3e614a701f79,7,9,Wednesday
5f77b4d0-28e3-46e5-b836-0f15c8614bf2,e52816d6-7216-4375-bfb7-9fb4606e4557,3,9,Tuesday
04ce1c7f-e853-4d68-920c-799ac7c7fea2,91d09868-c871-4b98-9483-9d36234ccd87,4,9,Monday
0d120deb-4356-4906-916b-7fdb130fc340,b3f38fd3-2b66-4f4e-a299-b33325fa0adf,3,7,Thursday
580cfa4b-72d8-44f8-b408-504c44679872,56a4b06b-86e1-4b4b-94b5-39f6701d52ab,3,6,Friday
8611a072-e4ec-4eea-b29a-9c437fcedac2,8ed15654-2874-4db3-93f1-954b706c3496,1,9,Sunday
2e4b936e-13d4-4452-af5d-2d77de4fbbd6,0dcb83a1-05d5-41ab-bd17-8fce48ce5839,4,1,Wednesday
c5efbba4-d2b0-4c79-a0eb-6c6fee238756,d1cf7d16-fe8e-4a7c-b117-9ac2cddf50ee,1,7,Tuesday
1e6fe052-0904-449f-9e0e-fda123680605,b46beb8c-e022-45c0-b78e-e15f258945eb,1,3,Wednesday
4f042797-5477-47d9-a644-fe0f4514251d,81577cf1-dfa6-44a1-be1d-ad8ad54817cb,4,2,Monday
1683fe87-fac0-48c6-81ec-e8925058e527,f19b62b1-f9ad-4ddd-b829-f0ec88e4d213,6,4,Wednesday
a6362e4e-22fa-436f-a9cb-8b526a3deb45,230d75d3-4fe4-4c0c-9007-cba065a2a03d,1,4,Sunday
a57f5718-bf98-443b-9f48-1b5b885c52d0,d99c6ae3-0263-4622-b84b-a683d39a741f,4,9,Tuesday
2b9cab4e-5e37-489b-9711-754e8413c9a8,9c6b3123-9f50-48a5-ae77-8d2a34ee4f2e,6,2,Monday
16f59f17-f99f-4c1b-8968-e8bdadbc8580,1704139f-53d9-429d-a222-d9f541dbc687,6,6,Saturday
d15713c5-ea4e-4711-8e62-740400881d9c,0bf0653f-0916-4e9e-a844-b4268f6a2dcb,3,6,Friday
7b90da7b-db6e-4981-9c4b-db4fc984c686,bcdf37fb-f688-4f09-822b-4408d558dc12,1,8,Thursday
bbffc058-646b-441f-8715-af7e9b42f245,40b59d88-5ced-40b8-bae4-ea2772d1e0ab,7,2,Saturday
ea122b17-f256-4daf-a6be-d486fff4c58e,387c30d2-75ee-4e9c-9dc6-67f5d487f433,6,5,Sunday
764058d1-f56a-4350-9229-2098408fb3a2,57389503-1d93-4642-a794-1052c397aaf1,7,10,Monday
56ab139c-4e1d-47bf-8696-8cfe02817d88,779616c9-a72e-4621-ac01-2fc4ab611a1f,5,1,Saturday
d1c6ce3f-0b70-4f35-8913-7ab1be996f18,b7fb9422-3811-4026-999e-2fe674f88cef,6,8,Sunday
1f5d5cb6-8d55-414c-9cec-48f3a2b77c80,d37f1231-604a-4be4-8357-99ab6ee467e5,4,10,Wednesday
d6e01d5f-9d88-406e-8007-7a2b3bb64f8a,19b7b93c-e1ea-4772-aa4e-2686876a1f42,4,4,Wednesday
47afbb32-2b0c-4786-9550-4fab1333e3a0,937853de-20fe-4053-bf54-50a6371f8021,2,9,Wednesday
d424dedc-bba2-4550-9518-5ba2a74ef3d3,7c2c0722-3201-469b-a009-2764dc1262a0,4,8,Saturday
e828ffda-2cc0-4b3f-a31a-24066c583546,63f3ab35-8cad-426a-925f-1d35f4351657,4,1,Tuesday
f2a64aba-f2ae-4388-ad98-c8915b3981e4,a41fe3bb-e504-4963-94f4-eb47186dea84,4,5,Monday
b30abcc7-cf60-4628-a732-b4046098a687,90c79306-25f4-4f09-b7d3-bfe5feddad7b,7,2,Tuesday
b417c8da-2c52-4111-acf3-fb986bd61d2f,7e5823a0-dd84-4fc6-abab-b11827e9c866,5,9,Tuesday
3e3a8d49-c96e-47f0-93bf-6583f26672a7,21d27c14-f582-44de-8b2e-5f303af367f4,6,3,Monday
14207070-17f3-47ae-bdc7-6360e213b0d4,3e00014e-5bd7-45b8-a5ef-8aefa6651da1,2,8,Sunday
e7e92acd-899d-47a1-b8ec-715097a5f4c7,96f99e64-3c48-478d-9759-06a5065617a2,3,3,Monday
43510e2a-4fe0-476f-bd5c-77e45ab72138,11e75335-e79e-41b7-a583-c3c903518ce0,3,2,Monday
bbee55b0-6362-4d8b-be51-bb88eb7e418e,01338aaf-34ea-4b79-b7f3-d0f034d33b6f,1,3,Thursday
69504d26-8718-4c40-82d2-f52fbe8efbe5,9538cece-68c1-42b1-9e51-939fc51f180d,6,6,Sunday
9602e735-fb92-4888-a0bd-919c7a00fb36,4e51b370-bdc6-4541-bd5e-c40a48c96eaf,6,10,Wednesday
a1731ee8-4486-42cd-af7b-ddfdaace0e3b,90f1c144-18c4-4371-9a60-08e7bcc695b2,5,4,Sunday
5299bd50-aeb4-426f-bcff-d86e9258926f,7a5d2e91-1405-491c-88de-9ee80df5d3ec,6,3,Wednesday
1fb744cb-7f38-4534-81b5-9903e1ae4fc5,80117e8b-e5e8-4424-b6da-210c82ad4d1f,4,3,Saturday
f7c44e0c-33f8-4f26-95f1-e4df5a3fd3ab,a070ce1f-9587-461f-a9fe-92872b70d99f,5,2,Saturday
6d080d8f-97b3-4402-ab1b-716b5b526a0f,e6b0ce67-e706-4273-a663-b2da73b169ac,6,5,Thursday
eefee236-1f9c-4097-b93e-11ce8db34811,3bbf7b82-52ba-426c-aa06-4562343b211c,4,8,Sunday
9431f301-864e-4392-8468-51af96af4074,f3d0cce3-7818-48b4-8eb3-b7f23bd83b72,5,4,Saturday
18c08166-30b3-40b8-b927-948284f79a9a,a3a19e6d-8caf-4ede-aab9-774259371f00,5,8,Tuesday
28079eb8-8b6c-4189-961c-a54f5a7ffcb4,3649e33f-411c-44bb-8616-fa901f989f43,7,10,Monday
6c2e2c64-4010-4b99-9c3f-c97bc8d4e705,70bc460a-9e9f-44ec-9305-74321d221d5a,3,2,Sunday
165f2f16-f1b7-4c8f-ad78-236116064720,f5dbc3d0-4d24-48b8-8fa2-9356d055d3ad,6,1,Thursday
df28b0b0-6df7-4689-be68-e7d791d16148,0ab5f664-381e-4fd2-95c3-089b55af8f1e,2,9,Sunday
acfaa2ed-2b34-4a8d-8201-df70037f0e55,e3a2edcf-a800-4046-b0c1-5e796f72c946,3,4,Saturday
439d86a9-3b95-4336-a54f-3512de3824ac,33cf31c3-381c-4d04-9974-a52bd31ec232,7,8,Thursday
6682094a-a3c7-4bf2-ae1a-9e343dd37c4f,b8c65cff-86b4-4d0d-94ba-109f3582bcda,7,6,Monday
bbce2e16-adc2-4bd9-908a-b650269543ae,93be63e6-6d20-4294-a4b5-d217e28ff42c,6,4,Monday
1aa4d04e-45eb-4f68-9d86-5cab252a1890,5ca079ae-6260-42d6-a6bb-3bcdeee25df8,4,8,Thursday
ab1f9294-d737-4429-8ec4-7463a39f4f17,78bd5c56-b479-4d1f-a10b-53e8abf76886,2,10,Thursday
ee8d4e29-cfac-4bc0-bea5-b7aefa6298fa,a54127e6-1d92-4bac-8f0d-3866a5ea0a3c,6,8,Tuesday
ff666285-ae59-4689-8398-44e0c8d1c907,7372107e-b013-4fbc-9b35-8ae599ce8bbb,4,9,Wednesday
f84a2c18-868f-4ab8-9201-76782ffd065f,a005ac43-ef48-491b-b488-014bcd0d287a,2,9,Saturday
c4232190-c1ae-4201-b484-d7a72657c3fe,d89191e4-29eb-45e6-90d2-83421c0939be,3,5,Saturday
e3b52444-ef87-4d34-bca2-9bb5c7d6adec,bf219d52-8c93-42a2-bb9d-ffb7ceeaf8cc,2,5,Thursday
52af7903-711b-43a5-a1f1-625cf940ddb6,0136f3aa-bc68-4ded-beb9-f2df9e8e9524,5,4,Saturday
940d0420-ac92-4e79-a2a8-be493c927151,1a16ab7d-911c-446d-a1f6-45d59a15d604,1,2,Sunday
f8088926-a022-42c5-b242-0cf00d5ae5ed,db600e9f-86f5-4511-8d5e-41cf9661a2fb,5,3,Saturday
aecb6247-a87e-4d85-883a-7f8457883264,7ecc67b4-ce56-4cbc-b308-7757313d5e43,3,6,Friday
7c260ca1-b50e-4ada-b3d9-852a4944c99c,acab8937-0c6b-469e-b6e0-b52fe8055ed4,2,3,Monday
1b4c738c-42b0-4561-b22c-604bc49398d7,1da70b8b-fc91-4d36-a9fc-3f087d5a8a3e,2,4,Tuesday
667b6947-e029-40c6-ae38-60853f740ef9,094628a8-e0e9-4ca7-91dc-96da4f99a29d,6,1,Wednesday
c0988a52-dea8-436c-af2e-5a4ac4dd23be,66007db9-b2d1-4c2c-a17e-209ee3d54438,5,3,Saturday
dc4102c7-bc40-497c-8e98-f88f7dce39a1,ecebadce-4fd3-440a-96bd-dc0a274e0e65,4,5,Friday
b28674a6-18ba-43f0-9757-f475f3693a76,5051eaee-bf3c-4ecf-aa77-eaa52bbf9b76,5,10,Sunday
727cdd6f-dc04-4e7e-bc15-70f670e75163,baf8a321-2714-4bea-8887-e3983fa6f090,6,5,Thursday
5cd2b872-4a3e-4795-a2d8-ce6cceafafb9,cf29c97e-e94e-4e71-b5ea-454dfa4c6e15,1,10,Saturday
0da6ae1b-b846-49b4-b030-7ef058891397,0a06885a-00ff-4a47-b29c-c0c6fa6b58dc,7,7,Tuesday
40ab5636-cdd4-497b-84fe-1edc6f32e320,09a7215a-e59a-4829-8d42-6a6b1dddf551,4,1,Thursday
c0d83b24-39b4-4b26-b4c5-a47d1a2a29b2,90e7360a-8ee3-432c-83a2-156dd275382b,5,2,Thursday
921ea5c3-6007-4910-aeb7-ba5c53b371c4,7057077a-f936-48c7-a3d6-a213e67f2fb0,6,4,Tuesday
2c693bd4-571e-4ada-8b22-673cae937f31,424911af-4936-4939-9c00-c058c8567389,2,7,Sunday
c95eaf7c-8eb0-4303-95e9-da94c4356579,fbbbce33-5a19-4dcc-a4bb-e01123573329,5,10,Thursday
7669f6bb-bb7d-4c2a-89ce-98e134571679,a019a230-216d-46f2-bf3a-34887cb3aff7,4,2,Friday
6d220250-2cf0-4c87-895e-d09899040b50,46b81c2c-b131-48c9-a613-163751124e22,7,7,Wednesday
cbfb108c-3ba8-49e9-bdd0-c6f81be49aef,2fab20e1-774b-4616-bd0e-9f2fc51f1e13,6,3,Tuesday
52875617-0011-483e-bdef-c1c49ba0f297,8915fd35-3d5f-4f45-8b83-b4ca7dd9c7ff,6,9,Tuesday
171d24a9-5d7a-47bb-80c8-e5685e83f4a1,57950f3f-fb69-4a43-9ba4-0fad0b176e8d,7,10,Friday
c4042d61-d7ad-4018-80c0-2953171ba288,986c0fb8-6e8e-4778-8800-14ff1987bfd6,3,4,Saturday
1916bea5-30d9-41ec-a32c-26ce9efb1510,ec9a54b3-23db-4175-932a-1ed3f734629b,1,2,Sunday
1f5807db-368b-4f7a-aa06-11ac472fd693,e9bab77e-2ec3-4935-8a38-aaabf303cd57,2,5,Thursday
3a91f8b3-b67f-4a8d-be2a-4b8cfdb866c4,87f0c81c-f134-41ba-b1b0-93019002c762,4,1,Thursday
c9c373d2-f0e5-4392-91dc-aca71f9ecd16,d04d2e96-a380-421f-9118-c3b1147d66e9,1,1,Wednesday
749fbe97-746f-43c4-87b1-5359680be4ee,6634eed2-e6b6-47cb-8002-1600975b02ef,3,6,Tuesday
5be17c8f-1344-4af1-a4d2-dd3dceaae28b,514dece0-3694-483d-835f-810211b09a2c,5,4,Friday
7972871a-5f68-4f29-87d2-ac20b6471d4f,be6429e1-4c6f-4a0f-976e-c17b4c3134b7,4,8,Wednesday
6c661211-04e2-4c42-8876-4615d5646d67,da680338-ad4f-4731-8a44-47193f2a85d5,2,5,Thursday
dc66e744-f059-4e29-8f72-fba7ab763cc7,a2d92540-b584-4d77-a5a0-e522190fb393,7,10,Tuesday
864acf0e-fdaa-4d8b-88fe-03f137988473,ef7bcbce-d52b-44d8-b4c1-ef4897ad9314,6,4,Friday
982d51d8-2ce2-461c-8b7f-cafcb954807e,35c2d17f-aaec-4030-9448-8a39633d4115,1,9,Thursday
cc1faca4-5b0f-4cf1-8ad8-3a609f0899c1,4af53d2c-82ec-4289-8767-ca7a469ffa99,7,1,Sunday
46a476b8-03f1-4f9b-b8fa-3b577daf8611,3f382fb8-fbec-42bf-a2f1-bb4f40a76be3,2,6,Friday
ced6f33e-eddb-4992-8e75-bc45eb59c989,0099ed56-ffb4-458f-8acb-f6676074127a,3,4,Thursday
878f689d-7234-4b27-98f5-03e6a2dcc6e6,525160c9-df47-4180-ab3d-2a22f888dc09,7,1,Thursday
bbd44d71-2847-4174-a4cb-19fff2caec74,32f3fa9f-ed24-49c0-af6a-22258d8aa09d,6,2,Sunday
ca9ac7e4-236f-4084-8fd4-b47c0d1a7ff3,0ac48378-c83e-494f-bbe4-b84a19180ad4,5,2,Sunday
ef886996-0445-4b2a-8557-e519547c1ee5,7050c149-cf0c-4372-bbf3-e0b673914e8d,3,8,Tuesday
98e765a7-d581-4a7d-b4ed-c033d60faaf4,f3326ec0-b65c-4830-a521-f31ebc40b56d,2,10,Tuesday
1adb5f10-5b6f-4a3f-ba27-490e80c9fba5,16cb3424-3d58-49de-9a3a-aa6280061d46,2,6,Tuesday
7aa8740e-eb22-4cd4-9ff3-35a0331d73c3,35202e02-8108-40cf-93c1-106840f71a43,5,9,Thursday
53e466a8-3a12-4fce-ae43-ad06a8c979a2,924beb8b-bfbe-4e79-b3ab-784a78c1e43b,5,9,Saturday
cc503c34-4564-47ba-8a80-b4b81a57ae2b,9314f693-db70-4f9c-96b7-6a16fe107474,1,4,Sunday
3efed420-65e9-4a8d-88cd-1a3014cab128,5d3081c9-33d1-4219-8725-d6fbbc47341a,3,4,Wednesday
bfdea343-7ed5-46fc-8f9e-3f357e03b8f4,cb1e6d6e-87c0-47f6-862b-27adef60796b,1,5,Tuesday
9db32034-e41d-43f5-afc1-5c52b568a57f,b9d0c23a-dbd4-461e-821d-0a391eb46ce7,4,4,Tuesday
1a1e34cd-9bb1-4ac8-9148-5e8031ab7f0d,8477c14b-9483-467d-9849-7b3bba7b6503,2,4,Monday
351f5d0f-3df9-4bb1-a12c-80f13237642f,0f57f46a-f594-43f6-9ff0-69f24bd95cb1,3,1,Saturday
52bd6546-5ab6-4c0e-99cd-52cca327dd19,df7ee85c-98a4-4bc6-8b67-793f0ac668a6,7,4,Thursday
0a3d6288-a9d1-4e62-b1e1-ef148fcce1b9,0ec24ce3-4b95-4a18-91ca-ad5c28ac685a,5,7,Sunday
abecd83e-3218-40a8-907b-670f654d67dc,702153b2-44d3-474c-8df7-31aef3607785,1,8,Friday
7af6b928-66be-4e73-b934-4f789bb46c89,fc5bc92e-59ec-4e84-836a-ffdb1908439a,1,6,Friday
22eaf42d-de56-4fd5-812e-407d24b45191,01aeb38a-49a8-4df9-afa0-554d7bc863d7,3,7,Wednesday
7e05c21b-d419-4672-ae58-d447fdf3918a,3aa51aa8-8a52-4afe-a5f9-03053faafaf5,5,4,Monday
0834033f-65db-44ca-a937-129a79e8890e,d4718508-5809-4bd3-94b0-c3a31069b1a1,1,8,Tuesday
a96388a2-0c99-48b4-ad9a-8e4d85dae5f2,25e82948-d9de-4cd6-a0a1-72325976184f,6,2,Friday
563da437-0ac9-4a1b-9f68-05a717f9e717,0d10ef5e-7d2a-4a14-ba75-6f5839e48752,6,7,Thursday
10f1f542-64dc-4b3d-be8d-b47b19dc8191,af4a0673-0bf9-4a14-8a70-d80974e7b649,6,1,Wednesday
20dbae97-efc5-4e68-9704-0808ff8052e8,fd285f1d-1a05-4600-b455-798ebb105d83,2,9,Saturday
ffa420c9-1b98-42c7-88b4-833ef3799895,3f39788a-2ee3-4a27-9315-5e12245f7c08,5,8,Wednesday
0f21a1e5-af57-4124-b573-eb0180cc1d7d,b6ab183e-8171-4531-975a-79263fd26cbb,4,10,Monday
f24e0d4b-4480-44f9-9f12-cc5d9f3eab19,7cc83b14-dba5-4919-939a-a4496f376e64,5,7,Saturday
8cec33a8-1395-4827-90d3-6013d6990825,1f215358-15bc-440e-beeb-f5b6a5dc7dc7,1,3,Wednesday
4e1173b1-0f6a-474b-a2f2-2c98268d1c17,ea3cc882-5d75-4460-b7c6-2b2b32ade240,2,10,Monday
e0404b32-20be-44f8-be5a-050f1b455bc8,933fec59-9e58-4677-a8fa-2cb2d277eca0,5,8,Tuesday
48b39ef7-c678-467c-a267-eea7ddc6debd,f924d12f-5343-43ad-9a00-8678eaf26a35,7,2,Sunday
db16d49b-d5c3-425f-9c7f-632d3763338c,e01222a9-bc16-4613-99a1-a24be50c4500,4,10,Wednesday
3b545bcb-e6b6-41df-b23e-668a39038250,d2ba374b-bf9d-40b1-8f71-7bc08c20d710,4,6,Thursday
11d164cb-51d0-4216-b2d2-a03bf336d62b,950d67fe-3896-4fb1-9b75-24306fce0d7c,7,7,Monday
7b675903-4b57-4639-94c5-c692e72549c4,63f6795e-18b4-4167-aaa3-dfda0226bed6,1,9,Monday
3c121ffe-6b0d-438a-ae5e-6f2ea2a80a0f,62076a25-bd44-4d7c-9a0f-6e339c4ab3aa,1,1,Friday
c0ba3d7d-5c94-4ad3-a7f2-8e5e97942c39,5e26b9c1-a749-4d73-b406-1f801f41de8c,4,7,Friday
a2990c71-d7d9-4f7e-b2c4-d6d0e5a632be,dd9b7fca-0cd9-4369-8506-ecdf12907439,2,2,Wednesday
86662b02-1770-415b-bae0-1c0f74353996,13c6d01a-d1d8-4a75-a508-7797c75c9ae4,4,4,Thursday
3c0d262a-f0dd-42ad-8757-201591ea0216,52a3372a-9c89-424d-94e1-df88174b1caf,4,7,Wednesday
7bb55a8e-194d-4f02-b995-6a54df25d6d3,6b9f37cc-266b-4097-a8ac-9fa16a9869b8,4,6,Wednesday
3ac9ee2b-d0e0-4d41-9360-ebf4ed8e3894,912d8442-812c-45b2-ac6c-ad5aaf003603,2,6,Sunday
d91b22ce-a8e4-4e2b-87c7-ff923618a0d7,41f15017-5d14-435c-8d9b-e8b53fe47af0,2,9,Tuesday
ace3abd0-2b07-4d35-96b4-41c3797b88e3,97a138d4-5b95-41f2-a8fa-282787fd05e1,5,2,Monday
54fbdee3-1ae8-4d5d-bf15-d4d1c3ec4181,4745ca84-a832-40d6-8fc5-79e7ab4c6587,4,4,Tuesday
fd56baf2-5d3d-409f-afe3-ab9ea2981ceb,7d69d4b5-4b5c-41cb-9ecf-b99e86610703,7,5,Monday
f7476348-5b74-408e-8c58-e02c2c3fd107,f59ffe5d-48a6-4255-bcd9-e32f448323a7,5,1,Thursday
1c7ae20b-53c7-44da-900e-8ba9da1587dc,3a6f4fd8-489b-4f04-a06f-69dd339e39cf,3,1,Friday
500f55fa-a6d9-4f0b-a97a-4a939e806378,f7bc0749-6f2d-44e5-a990-6a121dfcbff2,1,8,Wednesday
9ffacbbc-27e7-4861-abeb-271b5fdb7601,06bd9779-9b84-4867-ae60-96679dca3830,5,2,Monday
dfa08d2b-fcd9-4def-82c4-f37463f6979e,91722262-e423-4c4d-92fa-f2c67391b1ba,3,7,Sunday
8e19d07b-d430-44b9-ad63-62892c8cc213,d952d78c-ccbd-47f7-ad99-277992bda5f6,4,8,Wednesday
a2ce3f80-1425-4a99-94fb-c6998f6b2864,5fa220a1-17dc-48d5-a9cc-4ae0cebcbaea,2,7,Monday
76016d3d-a4cf-4351-9155-15e7e136ba49,09541b8f-43b6-4921-90bd-a19281d90a46,6,9,Thursday
547b12f1-e300-469a-a8a5-472b2aeb40cf,2d130f5b-e90f-46af-9793-fe66a239770c,7,7,Tuesday
07254fbc-383c-4573-b5cf-a72ec832bee6,5a220633-da29-47cc-8555-1bad5b497f9f,7,6,Monday
d4d64c15-1637-4d87-990c-fa3711a6fb8e,b7523f36-f8f2-478b-90e4-204589e68cf2,1,7,Saturday
a3d7457c-7278-4a24-9530-4b5ee5941a87,567bab71-4c03-4de9-a4ae-7ffc8f253996,6,2,Friday
23ee4521-5d98-42e2-a581-42115743ded5,24910764-056d-4c19-8370-866989a55d9a,1,3,Wednesday
3c583360-1064-49cb-bb56-0f199d57b1d5,509afd42-8567-4198-ba36-ec8d3b9636c9,1,9,Monday
a39f9a4c-f61a-45c6-86d4-be81e7e20170,46606335-c093-4ca5-92f6-c7ecc2ed7ecb,1,2,Thursday
ab5e5b0b-1f78-4d15-be48-ded10cefc6d2,7d1fc245-031c-4f46-a9ac-63a72e0cdfa7,3,6,Tuesday
67c2684b-ff6a-4d4c-84cf-9dceba3f45e1,bbb647ea-ec13-4b7d-99eb-bdcf8dc5f4ec,3,2,Friday
39914d35-72c9-4ad4-9236-391d1edd1271,9151ec13-0041-4ece-856e-d87e904c842d,2,7,Tuesday
891184f1-a760-4657-83a4-fa693070156e,9c43e1d7-c0e1-477a-8fd4-f9d98c9400e5,7,3,Friday
9c858e79-7dc6-4203-9f91-9fb52faf8330,8f513a03-75b0-44a6-a601-3665780707aa,7,10,Thursday
b168b0a7-1911-455b-8d4f-3a7860f91aa3,a1a48175-f18a-4377-8c3b-040a6714daa9,5,5,Saturday
1e6229d3-2f11-48cf-a197-01659c25349f,5a740917-febe-48fe-9672-ee57891302f0,7,1,Sunday
1dff9337-b4ed-4c50-af4a-565ecf9a14ed,3882cc39-2ddb-425d-b796-f51927a1c6bb,4,4,Friday
efa5136f-19fc-4d9d-a4a5-a80126a29f16,6e483062-bd08-419b-a139-a3b53fbaf66b,2,6,Friday
36c65405-ff73-46a1-b3e5-591827ba10dd,c6785958-07fb-412f-b7bd-d485a1672227,7,1,Thursday
5576088d-3a82-4e3b-93b3-2cc40a06b55e,1f34a011-3d5c-440d-b020-4c0c1067c716,3,8,Tuesday
fa2f175c-ecf3-4e31-8342-bff6e2e73566,610b0205-7c3d-49bc-aaff-4fca332194c7,4,1,Sunday
c717d33a-c46b-4100-a0ff-44ce0f214cda,8c0423bf-fef9-4f81-82ca-222531c43783,2,7,Sunday
bef815f8-27c6-4bf5-bd77-85968b75743f,0db1adbf-f42f-43a6-a3e1-5f48ed42f3b0,5,8,Friday
a62f2f7f-7be8-4f69-b571-3f7c86a5f8ac,fde32d4e-9296-44bb-8e11-87f61197c77d,5,1,Saturday
021fe7de-1b14-4517-8ba4-c0d0686f8445,a01d2f91-b20e-40eb-a749-8121f7b9da18,6,9,Monday
b54f972c-80fb-4c5f-b3a3-e1660927950f,225a40d4-03c2-4101-8a66-15eed0f36003,1,10,Thursday
e699e85f-3d25-4256-b56b-db4766c14fbe,51157448-5466-4429-9cb0-0471ee86432f,7,9,Monday
